666
-19 -46 44 76 36 -10
-61 -11 -100 46 86 -25
96 -63 -4 63 17 -12
97 15 -34 16 -34 90
29 -76 13 -67 -14 18
30 -58 -44 -11 -1 92
-17 -8 -43 -20 -11 73
-23 -31 16 -3 -71 -13
-95 -2 21 65 -40 -8
-3 86 -3 -66 21 25
67 45 -29 -8 98 -23
24 4 -28 -26 -9 22
-77 98 16 -58 65 -73
41 73 42 60 -57 62
-15 -53 -43 -41 49 56
-22 40 77 -95 -37 -12
-17 66 82 34 -61 -99
-86 53 -20 -64 -61 -45
35 2 86 -97 96 48
-95 -14 74 8 -61 58
-44 -57 36 79 -34 -53
39 79 -75 -32 -89 64
67 90 -18 36 6 -79
37 -67 80 -72 -48 51
80 17 29 -42 -14 39
-35 22 -18 46 33 11
-94 8 -93 74 89 -25
25 40 2 -4 -97 70
69 14 -69 -48 -43 40
-38 -3 63 -43 -66 -72
-14 -96 -56 -8 42 -56
55 -10 -4 33 -6 4
12 88 -13 5 75 -82
-70 68 -8 -10 46 -2
-22 -75 36 22 -91 -19
-85 -84 89 94 2 98
-97 -9 -44 54 17 -78
-27 -14 60 -40 -92 -74
-17 59 8 -89 13 -73
-23 63 -50 -35 30 -21
-59 81 -30 -60 -81 99
-98 60 27 40 -21 51
-90 74 100 38 -49 56
13 -30 -39 -9 46 36
-85 -13 42 -93 58 -24
85 -61 39 15 -41 -22
-96 -72 -81 93 -46 -53
-1 21 72 68 -11 -48
-52 -38 -92 26 38 24
-67 -85 -42 97 71 67
10 -1 -65 -19 -26 -65
7 -82 9 80 -19 -59
-3 13 43 -76 47 70
-96 72 -18 -77 -71 74
19 11 -73 -19 82 -38
-86 -94 -94 -51 82 -33
-31 -82 -30 -52 40 96
-93 38 95 22 -73 -21
35 -62 47 0 -91 48
-84 76 -68 34 -75 35
32 57 -17 -2 39 69
55 81 64 97 -62 78
-3 33 -9 -19 -69 -10
-49 -97 -57 -27 -24 -29
49 73 -67 12 -47 -78
5 47 -21 91 25 49
-18 -46 10 6 -44 4
12 -1 -31 1 -20 -9
11 -6 -54 76 -77 85
88 90 68 39 2 25
93 -84 30 42 -35 23
-79 55 -73 66 74 8
62 54 -33 -38 -87 -30
-8 -96 -94 56 -71 -75
1 58 76 7 -57 0
-77 75 -51 -14 5 4
64 -79 -4 -94 16 68
3 -92 -97 78 58 -63
88 -53 -6 42 -35 11
-41 -31 14 65 -52 72
0 61 -2 47 26 -56
87 -2 -86 66 -100 46
14 -7 -99 13 -35 -65
-13 -8 -45 -40 51 41
-1 88 -43 -87 34 2
-62 -49 -38 39 45 -74
-28 59 25 -14 -4 1
-19 -37 13 -41 -43 -4
90 -1 68 -92 -78 -64
-7 42 -2 94 50 92
-66 3 -90 79 87 -23
24 29 -15 16 -66 20
-27 22 -98 -22 26 -77
33 69 92 65 65 -24
-65 -42 45 12 -80 -55
76 -21 -47 -13 -61 -79
54 31 77 -9 -94 -68
92 -8 -72 -52 60 6
47 80 -25 -96 -17 98
-70 -52 22 55 -9 99
42 -88 -46 41 -3 -43
-43 35 65 91 -95 -44
-35 43 60 24 -34 -22
90 -18 -49 -29 5 66
47 67 5 -92 72 71
16 -42 94 81 9 100
-82 49 4 92 -97 -25
-31 84 87 -87 -63 41
-77 74 -49 -58 73 -72
10 -60 38 73 -48 4
95 -86 27 -87 68 65
-55 -48 86 12 -63 -87
30 -10 21 -37 -27 -88
-44 34 15 93 4 32
-35 -39 -4 -66 -60 59
-56 74 94 6 -56 40
-14 11 89 -79 -91 29
98 77 91 81 81 25
-85 -29 -61 51 74 -93
48 81 -31 84 58 -86
-29 -17 -44 36 95 48
89 20 45 -68 35 -87
93 11 57 -43 -85 4
-5 8 -41 88 -52 -58
38 10 -48 73 -22 65
-85 52 35 28 -51 -81
-36 -47 -16 25 3 -26
-75 50 -66 -41 -93 11
91 -3 -55 40 20 88
23 26 58 -71 88 18
87 55 -65 -54 15 22
96 -48 -100 89 -55 -46
-62 14 -85 5 -72 39
38 -77 82 -34 -26 -52
24 56 -90 -5 57 -58
71 48 41 -13 -16 21
56 36 -83 30 -76 2
67 -10 -4 -22 2 85
-1 -13 -72 98 76 -59
77 76 -56 -33 72 97
95 -61 92 -22 -73 -12
-15 95 63 -97 -24 -8
-68 -41 -16 -91 -94 -47
-4 36 -80 -22 -89 93
41 90 -85 23 59 58
-80 -72 37 70 -88 -54
-23 -85 -1 -90 -99 -5
-72 77 -17 -15 9 -84
53 54 22 82 59 81
42 -7 3 -77 68 -84
44 -37 66 56 33 1
-74 16 52 -94 75 -10
-62 80 -74 -27 65 25
-87 -96 87 8 98 -60
68 2 29 96 25 -39
94 -25 -24 59 9 -47
45 66 76 -98 62 23
12 -61 -31 -72 7 -47
-23 41 48 -77 -71 25
-57 87 53 -58 -84 -63
84 -29 6 21 63 19
73 -51 42 -33 62 36
-42 -17 2 -98 -61 -64
98 -53 6 -48 -45 47
-69 -23 -69 90 -39 -87
-43 -70 -57 -88 -35 -82
18 -51 -63 -80 -20 19
-42 72 11 -99 92 88
-50 68 73 46 59 15
-52 0 -18 -1 47 -9
-64 -65 65 36 -52 -94
-21 -93 -35 62 56 -4
70 -36 65 71 8 46
69 -100 74 70 -26 100
-28 -50 -85 34 -18 -75
80 79 10 -27 82 -24
85 -37 -15 58 -52 21
-88 -94 42 -84 -22 -23
46 -70 -59 -6 -61 55
-97 25 58 50 -45 -69
-85 40 61 52 0 -42
-65 25 46 30 -78 19
42 61 -33 42 -38 -12
46 68 33 48 67 -20
-41 77 56 76 80 -77
-27 33 65 -94 60 -92
-58 -57 -20 50 56 74
-7 -56 94 13 -69 -44
-31 16 -86 -1 -37 96
-2 -79 -19 -52 -94 -94
-91 82 -85 4 -4 84
75 -48 71 14 -5 -63
-1 -15 -60 -83 -14 60
84 12 57 -38 -13 50
-14 -12 -64 -23 94 7
13 9 68 53 -54 -79
-30 -9 10 -85 -99 84
-1 66 -52 -21 67 -6
98 75 27 -5 -8 -90
-15 -64 -4 -55 -66 -87
59 -55 -84 -25 -70 32
-77 69 1 -29 -90 -95
-83 42 -60 78 -43 17
-73 -83 40 -9 64 14
-6 35 87 41 -60 26
21 -68 -27 90 -35 94
25 89 -54 -77 -97 61
34 20 -5 -66 -48 96
69 49 -78 11 -66 94
22 -35 -25 15 84 36
-11 26 -24 -64 58 -48
2 -4 79 65 58 0
56 -25 20 69 -51 83
33 -93 36 27 -85 8
-71 -36 35 -14 -37 55
-49 39 34 53 -47 88
35 -17 55 12 18 4
-81 71 1 -2 -68 65
-35 -12 50 74 -35 100
-32 49 89 -93 31 -14
-30 -3 39 -96 -99 -21
2 96 -73 79 -98 -9
49 20 76 -64 -75 -33
-52 -28 7 9 89 72
96 -55 -11 18 -13 19
-4 -34 -28 83 -97 39
2 10 -81 54 -55 75
-25 -36 -23 99 86 -79
58 -40 -56 67 -49 -57
27 -95 28 17 -39 33
-90 -78 -3 82 -23 -44
62 100 -98 60 56 37
-57 42 73 63 -32 -25
-1 -4 -57 -26 -38 -59
-60 -46 98 64 8 -62
3 -29 -59 -76 85 34
-88 -87 -36 30 25 -75
-1 89 -80 36 -15 36
18 74 87 -27 -52 97
45 -47 52 -99 18 78
-90 93 0 -18 19 -75
94 12 -92 -70 0 11
93 68 3 17 46 -73
-89 -33 10 -23 -41 -82
77 18 -56 -88 -52 23
-87 -58 100 -54 96 32
-39 32 86 -46 83 16
-68 -59 -57 -75 61 88
-11 -66 69 -25 16 -18
5 25 -21 80 -99 -80
-60 7 3 -3 -26 97
-56 -96 4 49 50 -31
-28 81 73 -95 86 15
52 31 93 2 -40 75
-72 65 28 -59 -51 -66
-30 92 -60 20 -67 9
6 14 75 31 -3 -64
49 1 -14 -22 -96 -55
-1 -83 64 16 -26 2
53 -30 77 87 -97 -2
16 -62 29 -54 87 -19
27 75 94 -95 61 -90
-11 12 6 91 80 -17
61 18 82 -33 5 -83
4 59 29 -90 83 53
84 88 17 -61 80 -30
79 -73 52 -80 -8 5
-32 3 33 13 75 35
50 33 54 -80 4 91
-16 -51 60 -74 -86 -53
32 -5 -42 -54 12 97
9 -100 97 64 -3 84
62 10 10 -72 68 -12
-31 -98 85 -93 -64 21
-95 93 -70 61 53 -11
-100 10 -43 29 -84 -55
76 -42 5 -24 49 37
77 51 28 -63 -67 -5
3 -68 -40 -9 -99 -46
26 69 -75 -6 -70 -16
20 63 -12 -13 -92 39
-99 -71 71 -72 28 -39
-13 72 11 21 -55 -12
-52 72 37 -88 2 -26
-85 -73 71 75 68 20
20 -26 40 -3 15 53
90 -2 26 5 58 80
3 -71 -75 72 9 -97
98 -55 80 70 -23 98
-55 -92 -88 -2 15 -58
-33 -99 -100 12 13 -56
-40 63 -12 -71 24 -55
-75 48 98 -88 14 9
0 -52 -20 42 -5 -68
85 74 -44 52 25 -12
-51 -92 -59 91 19 -1
-80 90 -90 -44 -78 25
8 -85 -84 71 82 28
-31 -52 -80 -41 63 -78
-68 91 -96 -40 -58 -12
-96 64 -2 -37 41 25
-93 24 92 70 35 52
-97 -59 -73 -4 -33 51
-96 -78 -98 -72 -51 -25
23 -13 -47 64 -47 54
-25 -47 27 99 100 -45
32 55 -98 -22 -60 45
96 -48 34 -29 -53 87
-5 91 -85 -8 -76 31
-19 -92 24 -18 -5 -45
-45 -15 3 47 -21 79
67 -97 -52 -68 31 99
68 21 83 80 32 -95
-67 89 63 -82 50 80
11 -95 8 -44 -1 -85
-65 -10 -80 12 -61 88
-15 36 -40 83 -5 -47
-50 -40 59 -37 71 75
4 -100 -81 -83 -52 87
34 59 -75 90 30 -27
96 -7 -79 70 58 82
-61 77 -35 -63 46 -81
-63 98 51 -13 56 -5
64 -60 -42 -90 40 -25
24 -82 -67 -95 -86 70
-67 94 6 -17 85 96
32 -57 -74 87 53 -39
-87 -90 31 63 -88 57
-56 -19 10 -15 -72 68
-53 -14 58 -46 22 39
92 67 14 2 -58 -11
48 -71 16 46 -45 -3
46 -22 -29 -9 -82 -95
-54 24 87 76 81 -30
-29 55 70 8 88 78
13 59 -34 59 -96 -22
-76 -30 2 18 69 -63
-21 -34 -20 59 32 38
81 95 -43 -84 -40 -47
54 21 -11 -50 -78 -84
9 49 -99 -96 41 -32
82 -25 39 -16 -5 3
43 45 19 10 -48 95
65 96 -14 -22 92 -63
-24 13 2 -74 31 -17
-87 100 -26 -40 43 73
-62 -1 -63 -83 -42 -56
97 -2 -23 -100 87 56
42 23 -62 -40 -84 32
-97 -48 30 -33 -100 -4
56 -100 13 -53 53 -39
76 99 -3 52 78 -6
17 -40 -55 -82 -76 -48
72 -83 8 66 96 94
-70 -7 95 -100 -14 2
23 -15 -68 66 -58 38
-8 -67 56 65 87 51
87 -50 18 6 -1 77
79 82 -22 86 68 71
10 19 -68 -11 52 80
3 -34 -98 -100 65 30
72 30 58 -18 -88 87
61 83 9 10 -86 -35
-82 16 60 -1 53 61
24 -33 22 -11 8 -55
-14 13 -71 -96 64 50
91 94 13 28 72 96
-37 90 -3 68 -95 -14
11 15 98 20 87 -86
70 -27 46 76 29 8
37 98 23 -21 24 -54
14 21 -8 -77 -54 44
25 -29 47 -37 -20 -35
-89 -56 60 28 80 21
1 -38 71 -29 91 71
-69 76 -14 -77 6 -58
70 7 -6 -80 -69 24
-99 71 -63 -29 -66 45
78 41 56 84 40 94
-71 -36 -94 3 78 -78
85 -54 30 54 -15 -55
-50 -54 96 -75 22 35
2 96 -49 -31 -76 94
-2 -88 -16 79 -40 -67
-7 40 -23 76 42 57
80 -27 95 -95 93 67
29 -6 89 19 21 94
-97 -4 -19 55 -11 -53
21 -25 -49 45 -63 -80
77 -23 54 4 -17 -6
-28 88 16 68 -16 -30
91 57 -52 -92 -44 39
55 -61 -61 -53 -12 -16
61 17 -8 59 -36 7
-25 -38 -60 -76 -91 -10
100 -90 -80 42 55 83
-67 87 41 -11 -94 -22
-15 -29 -10 -50 1 94
36 -93 -22 -81 -93 10
99 -90 85 95 23 50
-75 51 -24 53 -9 78
63 8 -77 -14 -6 -28
-80 41 91 -14 -92 -92
-38 -53 22 -40 96 63
1 97 -85 -37 55 6
95 -15 66 2 -35 -80
52 12 -64 -95 27 -24
-64 -91 27 30 86 -32
20 71 -8 -23 -51 72
30 -25 -31 94 79 -39
-55 -70 87 -23 -85 -77
49 -38 76 -72 -88 2
12 61 90 -11 33 57
-57 14 -17 5 -79 82
74 78 4 25 -94 -74
88 -54 -35 85 39 -5
-71 42 -7 2 -68 -94
-76 32 28 78 -10 46
-97 17 -98 43 70 11
32 -67 64 -75 6 91
-58 -51 -58 -23 71 32
-5 -63 -49 -77 60 -12
-27 9 -85 -11 -5 72
-58 -21 -30 19 -89 13
-30 65 -72 2 -87 -33
68 32 -90 -21 -42 -68
-44 -72 -47 2 76 40
-28 -19 -22 -2 -42 73
74 28 72 65 -34 -21
-46 -97 -94 98 -7 39
60 79 -90 -70 -26 -49
55 75 -39 70 -10 -34
-98 47 -56 28 -30 9
-88 -71 74 -69 -62 -98
-57 -32 -83 -49 -83 -82
21 86 -72 -77 14 -19
31 83 -81 -98 41 6
79 -29 -66 -82 -54 47
-15 19 66 -26 -78 57
34 -21 -1 53 12 71
-13 -1 -11 -48 -37 73
-3 -28 -79 -54 -15 11
74 -98 59 -13 -47 -28
-50 -60 -35 99 -66 -79
72 -42 -77 -74 9 49
16 73 -4 26 38 8
85 -92 85 13 -61 -4
79 25 -18 36 -70 5
9 -44 20 -76 -42 34
-60 82 41 68 -2 89
-88 31 -86 -35 48 52
72 55 -77 35 -84 65
37 34 90 -13 -3 43
82 22 78 54 98 11
-54 90 29 -58 -75 -75
68 -47 -12 2 11 79
-27 -76 33 45 -9 39
-33 -85 -21 -95 54 -60
10 -71 25 1 67 1
-52 27 26 36 49 42
-73 64 -74 48 -52 -53
64 -98 13 -77 -45 -80
35 50 -78 -72 -45 -41
10 54 -39 2 49 -90
-77 49 54 -54 -14 55
-1 -49 -50 -38 -68 -36
-27 46 -23 -97 52 100
-32 55 -17 -82 -45 -72
70 28 -100 16 58 99
-30 80 2 99 -100 74
-62 -48 56 -7 -12 41
-39 75 -87 47 -58 37
-67 33 18 21 -41 91
-22 -20 7 75 -100 -26
-6 -56 -27 -67 -11 34
62 30 90 27 89 -40
10 -76 -60 -93 44 100
-32 72 -100 -6 -81 -66
10 57 70 90 -11 80
5 -39 -49 68 -30 78
73 -85 -10 8 15 -30
-42 95 51 -60 31 -31
56 -20 6 51 -19 33
-40 -42 21 -17 27 33
39 74 -60 -58 78 -45
39 33 52 -52 93 -13
9 23 92 18 97 -80
38 14 75 -54 92 91
14 91 -96 22 -47 63
-89 -88 -84 90 74 31
64 40 76 65 -14 74
97 33 0 45 -99 91
-23 80 96 52 25 64
72 -1 4 -1 -53 33
-79 -10 -44 -60 -38 52
65 -9 95 90 25 1
91 -13 65 -14 59 -84
-37 86 35 -14 -29 4
-26 -88 -82 86 83 38
68 59 -25 43 -73 -80
-70 -39 -9 -57 -50 25
-81 -84 -98 21 -58 68
-28 25 -100 -3 67 53
57 83 20 -41 9 -78
52 -32 -81 -61 17 86
69 -33 -71 23 -3 -45
-52 42 38 -31 5 -100
-3 7 17 12 0 70
-51 -24 12 93 35 97
9 -26 24 24 -81 -33
-17 -56 98 -34 37 -64
-29 6 71 35 63 -28
-21 66 90 97 -94 -52
-69 -39 -23 51 -96 23
90 73 -11 35 -63 64
-83 86 30 23 -52 56
13 8 85 -64 -68 -10
-93 -78 -89 -38 8 -61
76 29 -56 -3 31 66
19 -76 3 88 6 -89
2 39 92 -56 -70 63
-39 96 84 -79 31 -54
0 -86 67 28 -98 -6
34 -96 26 13 -32 -83
19 58 69 91 -12 -65
3 12 -99 81 52 -59
6 80 80 92 -91 38
25 -67 24 -90 -88 -81
-12 85 51 -40 99 -21
-51 -94 -79 17 37 48
-55 -46 -89 41 24 -63
-59 18 84 77 -16 70
-54 -4 -49 80 -1 -47
-67 -57 73 75 -95 -30
50 2 86 -81 -55 -68
67 -27 30 33 -31 22
8 -68 -81 19 53 46
1 100 22 -10 14 -56
-51 -5 77 34 -3 -66
-25 -66 -71 -63 3 96
-74 -16 -18 -48 -52 87
25 32 36 -71 -11 -28
63 95 -50 -93 45 -30
17 -80 11 -5 -63 -80
2 -66 26 -49 14 85
16 -61 -28 39 59 -66
99 88 95 39 79 6
36 45 -69 -14 32 -28
26 -12 28 72 -65 35
72 -17 -70 -42 23 6
-47 -50 -55 80 -55 -89
-56 79 37 5 -30 12
-75 66 -100 54 99 -59
58 -20 -66 -11 48 33
16 -92 -64 29 92 100
-100 -43 28 4 14 46
-17 -48 -64 9 -91 -28
85 30 66 11 -86 17
-11 58 17 -47 -80 26
-58 41 -19 8 -20 60
-71 -85 53 88 -69 -43
85 46 69 -76 -16 -44
70 -90 -92 64 11 -8
9 -3 76 -87 -48 4
83 46 -23 -62 -42 14
-71 -68 98 -14 65 93
-84 32 -36 97 36 45
34 15 -11 33 -24 -73
-90 38 -91 99 -15 61
64 36 65 5 -86 -90
-56 -31 -70 60 20 -70
-45 -10 -30 -10 -45 98
44 -78 82 77 83 68
-95 10 64 57 79 83
-74 -30 73 74 -94 51
28 55 49 89 6 43
74 -86 73 -64 -74 20
-68 69 92 -85 70 19
21 -20 92 56 45 -41
-21 -83 42 44 -84 56
-91 -12 66 -88 -59 -10
-80 85 -66 -27 21 -35
76 -6 -52 64 58 -70
-78 -27 11 28 -53 -17
-20 43 -27 10 100 42
-42 -70 -65 43 69 -17
-72 62 79 82 -6 -72
24 4 -27 -13 72 22
4 9 -63 91 75 -72
73 -55 -94 20 20 28
22 -47 -31 39 88 87
12 -65 -64 -79 -51 95
79 -63 65 48 65 -62
-12 -64 -98 -94 36 -62
76 82 70 -69 32 46
-10 -24 22 -100 48 25
87 -14 10 53 -57 42
33 -60 -21 -87 -39 -62
-43 84 65 -39 -51 -70
-8 -73 -32 34 -83 -65
-62 66 -48 28 -91 -89
-46 -27 47 -58 -8 56
52 -62 -93 83 -62 -37
51 66 3 -11 -44 -75
-15 25 -6 48 12 31
89 -50 -76 -52 -2 60
3 89 -77 -1 81 -30
-67 68 -68 -87 -15 -76
77 -19 -23 -22 14 7
96 -68 55 14 -38 -66
-72 44 -58 -10 -14 21
-28 44 33 75 63 -42
-67 -8 10 73 80 51
-39 76 -3 -53 -92 -8
11 -11 -45 -7 71 -62
-31 -52 -87 -33 -60 -65
88 -51 27 -5 -19 80
1 18 -45 42 45 67
54 52 -34 -38 -55 65
-54 -45 30 75 65 -15
-97 -70 -38 81 39 4
12 -14 -53 68 21 74
30 -3 0 49 -15 -49
-58 -9 -61 66 10 71
91 74 -23 -59 -85 -71
-9 -74 3 -67 -67 85
61 97 -87 -74 -39 -33
90 -14 8 -15 -26 75
91 -70 -38 88 -58 -15
-21 -33 -67 -31 77 -50
75 61 86 21 -64 70
-10 -42 -68 -16 98 97
-21 -19 -66 -22 -15 -28
-43 -92 -57 -18 -90 -23
-76 24 -92 -23 50 -64
49 -73 46 68 -21 85
-21 57 49 -99 19 70
56 1 -31 73 88 -21
38 79 0 -42 -48 80
-63 25 97 86 -43 86
-12 7 -75 -63 52 -99
-82 -49 -98 77 54 -44
-98 14 -78 -44 -75 11
-37 21 33 45 28 26
16 47 97 74 81 31
31 36 77 -57 17 -80
-80 -7 26 97 45 79
11 97 -9 -66 16 73
61 15 37 83 -61 -34
-8 56 87 -25 -12 5
94 -41 45 4 63 -74
-51 -62 -25 70 3 20
-11 -35 5 21 -55 50
92 80 -34 81 23 94
56 -20 95 -5 0 -64
46 -58 33 -99 1 -1
22 41 89 -96 32 22
13 -64 98 72 96 50
-18 -83 -94 -15 33 24
3 47 14 3 8 1
7 -75 0 88 -1 64
59 -83 25 -84 35 -1
56 -11 -68 -26 82 41
40 52 89 14 33 55
7 -2 27 78 48 58
70 -98 -46 -9 71 31
