318913
389650
370098
695475
103262
108810
564821
611279
359734
178156
594411
729386
226941
184539
600063
114678
318923
209961
484038
572758
10503
432673
502164
324634
762420
759777
696499
550694
248342
935640
711103
764139
52765
970963
297069
903048
514014
206427
910495
554521
287419
233385
798921
655704
94288
937539
177747
46157
769292
84120
394437
650639
142744
554295
203536
663130
974863
813174
933422
264878
538077
624501
119522
324115
462576
823349
849926
145246
59050
206660
76768
224605
719669
900945
475061
675400
213272
868060
648200
493158
868195
223556
786663
132720
1104
813220
611572
816792
89337
954577
369414
435125
476319
793333
968717
558701
836246
29956
444937
726475
