644187
619482
577817
582789
700086
444103
825760
947733
188998
214725
109313
534927
992389
471753
602069
502960
615134
510910
495017
787090
478278
592101
493439
56025
217200
223550
423832
934607
877743
228729
970775
493680
915673
325451
886834
26075
115620
836637
292041
893851
356693
84761
657869
423911
558595
909656
219939
889261
430929
333414
886142
317864
20796
692482
393244
370034
220381
745725
912540
906822
716417
999150
702257
399719
209345
712939
362756
172466
655666
281353
852064
763548
22704
217416
363142
114646
861186
375211
346223
465767
146428
143085
892667
803100
116593
181896
886080
543067
504410
37010
706048
995423
168472
339668
597816
396790
196274
265279
641132
47384
293903
967589
377237
604122
831544
192431
108059
783419
356776
955151
848787
875071
899519
318205
934530
882776
910867
402771
726341
385013
803870
998070
467861
851090
217979
839159
338895
435185
594483
271402
191964
819893
340655
902158
596512
27044
461848
268864
150160
517897
8513
96912
517896
192239
163202
230144
974286
1613
933447
48
710854
472687
55901
712547
958894
294190
908180
665553
520279
956596
952917
338104
372746
155955
362868
481448
846338
81967
62954
715594
105815
625533
610295
993486
243012
515928
531129
924717
812773
475775
795144
751490
829942
94012
204710
162413
761264
972564
361049
959509
520863
338686
936403
237034
864072
361030
883844
559454
170386
856031
75219
536523
37906
526686
389270
915684
811385
353375
575659
577454
745218
554845
37650
981615
982079
50167
903147
631524
126980
763040
480652
230030
587976
607815
85358
259257
642032
861434
19093
197414
79326
698869
416130
953064
613514
485248
897711
190342
24028
880280
913633
980317
149205
240970
270370
782068
55432
684429
108698
507908
524277
801669
229413
633724
996328
821154
566296
504690
434349
307810
250140
535307
583910
387962
166989
979409
78429
74816
800011
984561
597765
340895
70423
52808
891348
739810
701473
589893
875703
855762
181943
253188
970947
375832
932741
273066
464755
688146
389534
567504
561175
722505
881641
104753
696703
470225
164708
372593
664073
179083
12480
380932
258095
905477
211141
633862
739097
17799
251705
32884
306947
91661
923919
486898
138516
146104
225221
599630
864077
241081
862141
282110
533949
950828
936751
343124
78005
247480
682796
212981
53520
819043
837368
948625
3635
34198
627442
198571
206130
218080
682395
55217
14267
192288
533338
229412
677158
410768
9365
126660
148758
853036
10271
9874
912351
821193
604786
131591
51581
649345
719035
880460
397918
606519
655044
406255
709163
91114
290101
688478
245008
155806
914155
298728
543534
234593
975405
531449
757471
23790
573104
319339
772447
824064
987485
392844
90427
775740
307208
427995
505317
554921
305441
630801
161194
525176
390405
792170
248376
861027
6216
695674
588937
888952
767785
98321
893663
737519
149229
504966
16282
141481
894079
833624
276860
215448
601724
153346
876715
928873
624974
643670
932197
837383
258621
139787
747710
821869
190079
877413
93199
509832
993137
370388
613733
508968
517508
891043
149255
356330
530848
472830
636911
546002
334519
340704
589271
920969
725746
846920
275829
643750
431937
349895
88268
277031
798090
328774
337389
804645
153675
150402
964825
883553
681788
85940
510385
826472
321527
106664
254915
637340
245903
309970
838916
905040
125933
274741
744387
874041
199984
810476
916917
395039
231930
850557
348193
21154
910583
456942
242563
403444
845150
472453
620081
392536
147579
161668
587946
136868
860277
324561
821814
896114
595608
111616
665403
81760
692497
305152
605555
642658
570582
865420
966849
808777
190859
403527
793738
947972
84454
657976
525116
97772
409298
834014
73731
539263
766792
153325
979475
379197
553350
397508
560276
812399
242694
253458
828211
303969
98996
835742
489654
589982
132140
920380
795956
325635
403573
829024
108415
782669
815895
949960
320848
718505
327164
377604
891931
946975
778778
449396
963222
33279
891872
758692
31278
147734
633355
479397
347462
242331
744117
538121
786647
185114
767873
654319
920348
359569
712404
510389
875605
292648
777734
727830
856640
825582
888091
48394
370600
398464
95395
240283
780209
368851
489464
769264
152139
141228
714906
299268
740956
234026
377122
352851
735931
246162
37256
575320
585178
554816
267061
245011
404067
189196
47705
406850
673983
32525
997427
823573
497373
354219
652528
763875
575482
146084
846299
648789
31964
343298
556352
335215
673580
591698
837867
449764
258648
53171
734811
510367
44601
720200
454517
623619
193081
217710
316244
562673
8039
774323
735487
182813
510117
837691
463630
4357
629994
992898
725085
276535
581153
297734
718386
510295
989643
250139
850813
302643
4717
229956
455274
465492
800099
297095
874335
732189
376696
190542
245292
763973
785487
525436
294985
213989
256668
277676
651590
996332
528806
467810
993033
888956
5344
268690
190919
652365
777289
535497
88836
478735
322051
821932
175987
78408
684016
785206
903095
553945
758903
63531
849306
789865
168437
573379
603168
722129
557393
81816
295731
707280
846661
622919
875473
231788
851645
975813
184988
441809
350728
685542
816172
437036
808861
947780
103224
363437
136671
131709
646079
506576
603046
130325
858920
580395
829790
902502
576045
416603
73207
950052
889347
94460
74561
46878
738322
653921
205471
433353
393059
315012
689677
988047
499760
352566
178521
837045
286849
432676
584145
65057
421702
511276
242444
396170
349594
899323
386311
179884
442752
510484
646518
348758
317770
129446
53975
923792
974431
194134
739235
623460
702873
603797
523984
689787
540389
510118
338598
439450
632388
789745
269512
46003
261603
697820
38754
695510
408975
793803
746486
514575
763869
767881
933259
420746
971800
912824
954325
98226
220268
65281
443655
199599
472729
383230
868275
834824
480883
255198
959693
233070
264003
133738
247899
608750
5505
872863
364330
143018
710755
246508
336147
92213
755350
557921
268653
159877
408492
399541
277565
527541
925356
206566
944857
896321
28308
80194
464583
902713
877154
885538
864276
560569
15473
57405
748293
440763
82139
122949
262132
939733
151909
424184
984389
981683
601613
355738
198430
912596
413816
213205
935807
768728
226179
801387
165623
400880
445034
607595
810614
116704
346252
604683
852377
10432
679075
886967
366954
319420
184185
931317
422677
21060
680602
377928
833689
850432
504838
689102
116627
522405
361314
780372
775260
137100
861685
46462
360363
942817
700730
933106
592820
182957
496083
949621
620190
32096
442602
859508
870851
92883
982762
689461
603955
772651
215944
156025
845455
26860
496348
661157
282369
38170
725338
717074
389179
733126
766915
165500
695009
948364
100116
18348
209769
642496
154887
445006
622662
96634
597749
378336
326647
991454
251653
492463
884566
348053
102169
796081
491938
995184
746577
597037
252802
593752
295496
275314
635533
438896
893210
708107
982042
426745
244745
898054
405337
994921
772254
271461
463419
752250
633880
7060
645322
926257
80965
994470
453715
150615
