816404
910342
779570
558266
358463
70610
283790
457756
136065
406995
313587
615730
800290
217669
230487
428104
2138
529719
3347
890258
169693
318937
267565
875652
544889
276160
877763
252736
494972
133050
334476
945702
940770
438501
637134
790623
319028
331796
851742
747339
283277
918638
246765
622757
92033
351417
723962
234292
259905
298638
407374
696328
986428
27748
366972
166291
457841
150348
735408
692089
945218
560276
706192
369240
108674
497401
188040
461318
946183
285982
233173
422376
525001
249802
306146
784583
102679
742605
540510
283543
131043
709520
522850
173667
111166
163380
953288
549973
54041
200773
254319
977778
903504
533452
477673
769531
350549
567419
568186
22897
835745
828139
124146
857085
715473
116631
571259
135420
25675
796034
821238
153115
746662
98314
456459
872621
980757
813066
382589
971543
643210
665172
187964
279297
161095
851092
405253
28081
639989
64880
726427
638657
463222
688674
7449
646756
800538
464962
984974
448857
515159
273506
496691
555053
981880
412299
87518
959903
435422
174824
670836
167047
106414
515149
52607
833864
810281
736920
559301
884547
419393
353964
907326
908591
623617
861382
186910
77514
85573
215744
189578
695640
23958
210710
80929
436295
174609
342789
596790
521541
412087
726627
47098
821088
163354
249583
978461
772353
876184
864757
338871
81638
1335
400260
427292
713215
102754
634412
252968
695038
834682
105601
977982
805273
586528
885272
535903
888112
555233
527140
463057
173064
62716
856481
274563
266584
794393
740159
955551
505870
118414
872972
388852
685843
649536
384685
315089
947409
433231
661357
336696
922765
643508
853785
896408
88422
652422
706448
406888
603120
25041
882598
420190
251660
354819
78595
468636
292956
427258
350731
518233
222753
917893
173068
479313
643801
973376
231269
214949
134522
410248
133720
863420
852875
792351
86657
243746
83235
953571
224269
891052
505847
734893
608503
360495
559447
279494
385819
612894
527340
916519
381247
280962
553943
64764
728675
457138
910426
289317
738225
945692
316471
152201
526316
858603
345788
513639
397181
612312
450024
60290
326455
866112
48716
561370
888924
41869
992526
765897
447189
900220
23581
48081
940988
137102
36012
298308
500430
862816
344153
176877
909513
117417
514630
545834
824597
163450
120485
717883
473816
998484
143662
976063
742507
947126
684562
883949
247076
934765
50564
32007
164764
962815
115067
819839
520661
394857
70004
860695
994804
1165
219973
937185
474411
852377
368106
901472
175988
371380
151628
168106
725603
420298
753870
675712
820773
384693
193830
965144
494801
23616
475168
340759
355847
519224
774894
63398
174990
335702
303948
982210
13033
477903
403677
30480
802283
221255
324505
323248
935399
618545
171044
125086
236581
99490
782826
420806
642837
962901
353528
476425
631949
912877
271980
529721
442151
181075
397768
768155
344330
585533
390583
876301
984209
519450
386236
847679
964543
67956
911298
983344
209156
646864
141820
72278
222881
178555
445709
579989
820312
983068
321122
470208
894011
347767
668001
221881
110738
744659
419857
498660
344848
625385
470317
474493
473508
104411
728372
79258
867561
723287
472287
288551
406302
570587
34981
698549
873349
785894
377014
317676
724531
286266
902304
967209
515081
287910
994814
580948
763584
219379
755050
445040
611626
709928
399545
125074
124457
933144
484974
342006
646445
316189
415929
136506
374669
581535
321864
940084
100664
679338
301934
650312
72626
166538
641956
944729
87646
888923
270120
517735
843383
526994
299188
63561
438259
349647
324721
90104
611651
155671
442539
334153
78282
778114
313280
459295
388933
97765
765213
582285
338383
728980
77333
6311
740866
864417
857266
548836
60349
535516
978724
472146
739760
76682
517601
144898
637878
504775
930202
316690
656358
455600
530045
101477
795627
485361
538548
370559
361769
347721
625770
507475
166755
600640
63323
96205
284866
28960
884498
902636
855415
680357
315235
660498
622848
540857
476865
790794
471776
756031
349481
640361
975094
383961
746289
612252
157582
91437
774673
70350
459370
331899
681526
414166
783777
779142
500080
155191
520167
565932
83723
931707
263020
781766
416404
845437
338502
838315
696691
303442
976951
745363
478845
237602
257305
446890
886350
91967
35598
929560
727025
967665
635117
32551
643353
875776
55898
224676
991790
576793
854873
923527
199318
929694
779767
147317
963524
176801
527596
704816
535495
731339
838375
845331
861436
941185
813696
136854
751243
148062
187603
246521
293707
480112
966917
76607
369559
554575
367243
629424
421319
654817
824117
523212
925078
548973
445245
187046
123960
434299
549426
380004
195110
784012
759905
765934
710068
902321
353486
428763
337660
701946
86317
63547
240448
554963
302478
106445
258396
16283
896610
912601
809784
75030
375498
858205
542363
969099
275840
342527
361183
393756
127518
141969
540393
905206
645944
48029
468409
228507
558338
708904
692231
485088
247305
910544
589509
10694
765010
638054
927812
31300
47298
459789
47007
696622
449452
177387
882979
705458
363481
838670
472582
556358
71954
896189
413716
517427
187236
330135
104035
153173
194844
534326
699064
179824
410869
918317
264111
410552
99568
639039
587435
427682
370807
584699
230452
393737
928525
981181
263374
50131
771619
815095
242748
190232
394963
856748
553247
103987
753672
712503
610557
400927
754230
477473
644992
227502
570867
658240
161383
721435
764038
208510
518373
833591
970877
355680
724552
374755
607494
100357
282092
638657
209204
256229
385285
607382
496605
454850
676275
742713
727410
753643
377710
338294
909837
115614
307033
818921
142292
678197
717028
660746
818987
164588
84113
376274
805320
705615
866939
502058
971717
528667
417619
623886
662201
69812
478950
760863
358199
189359
671865
481055
309026
481279
465127
820511
645373
81224
136469
751458
912496
980970
101489
526919
645904
152807
329531
82962
760568
267888
684969
406080
177324
214781
162622
707381
874122
135656
936458
620649
32036
545152
323849
536424
35024
534081
523966
64344
835152
727112
891012
135880
831240
275745
622360
895334
385
177106
218224
300106
316447
945372
615649
823115
316038
630245
474667
2858
960814
794640
385821
183054
843835
580723
20590
226672
226534
779269
710564
623845
231541
744405
296987
485300
815980
593389
516082
27771
642063
908783
207897
999997
536659
364635
970082
978474
591908
917215
613653
559403
122818
420565
154511
675363
949567
228612
698410
812223
606268
283965
17945
366971
133889
816861
382849
929198
748921
143992
395045
213013
249150
444610
116078
993732
140112
601219
585909
488920
601496
364216
61836
686106
741474
22381
823529
789738
234007
508624
852864
904010
537807
538348
25407
929991
354343
600193
908747
621105
125787
721759
231185
691637
744624
74932
834435
398570
750288
598935
221793
304949
644280
957793
329666
446625
790194
369784
809861
297781
999905
178202
13430
289074
796519
833566
804301
401185
64058
902035
363703
257922
772217
440458
215417
504142
340719
197511
715752
156919
46983
994299
473457
294019
805580
21290
714659
939076
784839
851348
585903
843814
238374
952381
563819
738550
643169
220021
860814
52762
966300
33935
714303
634115
408646
29345
788835
841744
42749
308607
209400
658132
547665
242601
286840
331400
466594
707000
383070
307387
355223
254815
827630
130430
478107
376107
768307
671723
46388
517738
472846
5959
173995
351746
496663
222618
718949
734795
834820
919597
64012
296807
853771
532249
307401
261397
155681
967821
975727
261131
325563
556660
910038
284316
912889
184724
449058
419021
159847
226035
717137
716394
476995
698825
475233
229897
206147
935862
662753
936418
526903
777853
516547
57929
448047
771070
849237
102776
337705
176179
546955
523988
783224
41366
772572
312440
323571
982804
406939
736458
505816
881862
699250
631205
84081
575942
851265
959165
385547
861054
235843
188537
268260
84406
699808
689319
530492
322022
828395
474050
669892
636440
686138
799070
755424
311644
895268
479705
960103
643685
718784
498512
572861
770844
742921
424236
678661
765739
378666
188869
73767
893782
842368
151254
798842
73115
224249
144117
842662
688259
429055
899067
785779
386437
888698
271116
450318
777734
820645
360816
613317
34955
676736
3441
277402
5386
398447
663233
225902
316218
300074
930270
317178
726024
847256
571392
109440
895945
186244
805727
204070
21689
547061
118424
616158
293612
193126
965999
199289
980233
121801
7891
617144
513946
635561
351504
678810
429482
398175
652864
62010
260926
959474
253823
203203
727292
466549
155342
274307
728188
661962
301378
3614
891968
748047
657242
999131
170177
214809
908588
421482
453080
649617
506215
600826
689670
186344
108117
129434
227860
51376
923614
410975
835655
792772
287791
240899
454685
937828
122798
230156
278705
709310
184864
379426
479088
419751
280396
864967
360039
224398
11788
557267
682371
552545
629666
488442
151485
216630
981096
443699
134316
585343
665327
653947
552833
681295
900572
510255
727731
673419
465796
691523
67571
49155
956316
865496
763689
720846
544509
562670
39097
99723
333763
577360
485148
871750
666507
661040
877550
363779
881265
843886
951949
865727
963153
637557
856543
974437
955164
722417
586552
997209
93356
544359
979201
265065
318589
128442
390730
637799
107945
934583
512500
576719
784230
147475
340863
657081
602978
342421
151883
751379
836714
916612
401882
297161
554976
692008
772221
575273
578535
87185
205027
418295
337677
274368
713655
94208
910222
802595
89484
871728
889104
820530
478470
992561
385003
189576
608023
766800
552239
493930
203737
622069
176794
713886
156410
544471
548971
35511
429392
447924
195016
568336
299839
253961
894440
366288
208812
988557
336005
931584
515012
187793
777078
900888
236452
682718
852554
706432
28428
397839
602337
652747
606950
254856
843568
840917
536270
311561
414370
400878
502157
667388
779815
178719
981375
46163
991025
235884
249600
944203
773882
354068
241262
521155
634819
758209
988474
250209
395830
999498
924443
344066
770100
157565
619306
742043
295986
363786
10878
326357
172573
412459
357764
881623
839912
359791
966487
110559
411319
959555
676350
577434
448336
212989
69107
161899
259648
429880
248616
677599
226912
466982
204662
578710
622307
435919
582085
636138
75429
420465
802118
739668
751552
729598
752586
913817
876395
810473
426632
34885
442702
497428
383981
491770
593348
263226
656818
538306
742045
98445
948658
726387
213711
822289
733529
826390
371417
270557
256166
813631
898945
486928
820030
901361
716666
322205
993111
815151
866136
395102
147040
78809
792822
20696
520746
836698
104494
907916
348726
755551
714417
191626
116979
517512
53034
31807
322112
663369
321349
262125
715269
648018
242793
709933
364808
655917
491839
493896
161261
902214
675954
142721
267817
348645
519229
766468
765103
805316
352601
164222
197868
203647
642553
301888
678815
883020
964344
850534
663091
908892
22052
183106
397506
321819
563170
547827
650389
931150
874025
264341
48975
472150
19954
321640
4407
828772
211637
786845
400020
919736
188976
25089
339344
266096
611928
40716
478811
676901
192505
146695
13934
865743
423889
596447
450747
245669
79030
363981
725642
461361
953841
463807
987759
343041
453876
52517
777900
176306
772215
471244
916314
230193
121211
893023
277265
322475
68171
558835
251859
385112
420858
411343
50688
181213
212473
102044
716478
257814
831026
404659
387708
308295
461729
552910
666681
195489
325918
91020
316782
211397
861742
736482
133606
344213
413248
143896
942234
896410
702597
480027
244909
827706
241263
368880
878344
612286
739359
744970
862734
9127
773555
788958
990608
68102
453042
743742
672249
526813
996734
562147
687652
659485
169523
921902
534920
839817
279050
651682
412894
436812
865379
148807
686250
407555
202195
388117
324261
240093
838891
335127
478585
1952
475379
832843
40292
747596
417737
510269
984089
771603
904285
691122
990957
491515
859296
422021
35819
56594
987001
886623
337858
344513
12853
722336
60179
452241
848150
343618
384206
448948
205051
594390
935636
125987
409905
497009
629150
848194
560628
210502
808681
682254
670679
970458
858845
292052
426523
538320
58393
683880
529708
778487
572537
321640
118336
138054
128240
937231
452293
670975
572507
572311
430079
176571
872970
453777
56292
718383
951820
113163
775812
95450
228584
57734
140267
211495
150097
389559
983621
591568
8321
606914
175173
684944
725177
807010
646796
207613
110544
787128
341847
498983
221329
575370
145808
461492
451407
335537
739078
79745
568389
963663
862224
737997
95910
38558
997623
520692
598932
924620
209188
695524
961203
427188
39415
987096
122940
356691
640207
234270
903930
973595
101962
150830
53037
447660
180674
878145
885588
643402
131484
961761
909291
202549
716908
974466
221496
892039
221158
94663
953005
656948
362879
80153
825940
982309
742653
919053
449285
151097
157432
393692
430902
315611
14595
540915
265004
51707
50785
936236
99286
744347
157675
557252
877102
811028
212747
320458
544767
228171
993000
121717
614670
322695
196604
706165
413571
24784
167541
355949
544394
745930
626805
196073
528315
294943
576677
505246
27732
284436
184951
681882
208156
587642
176581
772014
304982
923341
782682
610228
424220
148828
461265
501059
533839
690914
697313
246213
91724
841054
435216
40017
426752
304157
946717
900865
348390
932106
737126
128759
501470
83995
773852
714224
35730
736048
511266
798800
575347
468352
196348
82214
541667
771338
916942
57416
974607
483218
411152
95188
339680
881110
344013
702805
283766
223664
590519
352009
633210
979991
436286
810760
237019
644130
248210
26051
88574
542594
2817
838803
937315
435785
575563
218155
808177
274191
817313
392325
322434
478176
540621
231665
971183
109572
737578
659685
140548
481398
337344
848432
710170
31902
170546
40665
702367
440924
629004
622063
460314
255961
991356
736769
407878
711399
10237
336115
316826
6960
326331
22435
219224
795576
805587
128440
158416
175587
889052
677603
934728
703199
545563
910083
242382
766630
139421
886858
661388
489736
439919
811503
510570
537682
285409
795732
331886
603341
796170
748771
955726
434931
674140
257225
551325
388194
582251
339300
477900
534253
274038
712412
868435
144707
259782
297386
435392
710678
585105
193372
636361
681532
192346
641021
542754
629748
671104
409411
206355
218897
908400
468884
786732
137309
902554
98847
866919
569447
330650
884210
431116
962612
432561
911423
462013
572488
253138
479327
650696
230596
801619
43775
172211
79453
292342
145843
599043
31882
863188
130991
6480
697462
325548
80348
901678
436065
230446
982826
47740
619320
624358
110703
555527
480278
886461
651801
240706
9687
576641
71553
319219
991208
276258
811939
650150
83569
955312
881783
343647
70265
824960
259173
927445
286077
193235
363473
270684
507372
523116
201518
621451
166801
115711
633646
857469
276096
67026
989244
651537
733551
163933
907608
291013
875170
701202
96474
874612
995295
146513
130763
632197
218257
562347
417292
269245
134339
752179
848364
125899
967468
626749
518162
64501
716126
715423
424686
820420
4163
380631
773273
796396
623623
393550
842157
899070
876480
740370
894115
865489
1495
560007
350863
319444
965598
549022
988645
361078
940400
912496
760023
793134
972195
248483
509027
148394
663643
478555
12936
77251
878968
136913
190147
90819
894919
88219
328424
85944
218455
167304
793934
261809
545700
669082
217837
354546
490940
550686
166229
360357
138401
869662
793426
568381
829971
595140
216212
395953
867778
255305
412092
656628
843645
32474
327832
254540
164328
341251
147404
149793
427008
104877
26796
190818
357026
9416
253323
285361
721313
655905
278047
38110
435113
996824
907967
433517
66376
312650
262455
727145
418700
892456
41797
841373
309373
468609
157341
200363
548055
14476
777178
414497
875667
452035
700258
240481
928652
688740
806731
882128
175126
531273
348179
856255
255196
368360
956591
275789
442826
763575
319222
525902
190387
675894
386998
842236
436936
576521
523063
974958
49266
426211
962689
951902
945702
389523
696951
820271
710492
316865
126438
4239
125322
281002
564651
834865
919075
638859
231356
862193
944582
836794
980109
816980
141048
298636
419984
304227
319293
809153
626888
100565
882581
116624
526897
78267
337359
446553
24082
914296
619214
703308
344707
600008
154204
471515
781413
677401
279773
541786
145282
636746
204710
257666
815564
833300
563907
329387
988999
879641
51368
32046
124
784409
9115
439997
975311
570333
580455
241996
258627
110839
508400
701734
899466
480052
7006
341568
995361
492741
500370
295329
571394
347524
531694
300044
909939
464990
199828
32600
262956
962575
621496
94705
176204
315908
835611
542046
841692
436057
382261
701970
653372
842077
717768
920735
655556
352076
123745
937087
376891
436193
870773
444433
439385
180626
623979
366235
124397
348378
916486
14402
606012
591089
532060
738643
923691
936904
761197
200370
243968
749962
609842
772846
294167
760157
74042
930197
351335
9946
679212
746315
876723
237961
899372
487481
454551
443447
806938
758845
349998
958469
666233
928869
271461
241337
865048
873416
265910
959320
889968
146129
85834
488055
906956
303397
948613
403302
881321
328285
38618
607483
894578
681468
88088
149074
202072
340791
994299
272426
956501
852895
799966
908449
830540
615741
355222
356266
372575
964792
466745
604950
651341
504331
195280
941328
101540
479642
871347
804573
801984
554254
65780
751272
929199
662176
993278
588286
606806
749002
507543
430572
831204
208010
28588
414731
960211
130256
957117
319947
356049
303854
777959
225313
353992
255294
866336
670240
893447
471510
86862
958933
315834
93347
224272
93950
633413
724923
931562
788434
240175
397612
284561
496261
176203
593095
137064
585331
74292
552974
395058
140694
786878
594220
624537
750582
368750
75964
269955
755785
387372
744830
23542
506186
9012
778320
869079
734078
67301
145094
306362
743202
225514
595259
817324
730265
346672
489839
717511
548316
631430
13977
562277
337728
251612
539881
960270
16084
379269
361129
753734
218812
170176
446698
464157
427161
957168
477595
155178
27327
198151
158311
104670
289639
16431
223894
26455
174352
287936
86755
251068
348932
408566
149674
453441
653292
628125
918944
958266
133475
426142
512741
736502
896581
413294
688994
126407
860370
251458
266190
604975
257112
938522
65102
551433
296485
309169
767040
470273
618239
277533
692749
858773
769023
343139
314520
443189
377046
930137
900280
486398
720075
359405
697330
139828
764686
318180
901681
689406
615409
7753
635730
709700
622586
464132
309538
221669
349270
10190
350257
548808
324347
384571
572717
624351
789994
801236
661885
964991
890639
869687
492964
656882
507685
348175
659980
317688
461330
766872
76874
311115
333944
583198
381430
985379
221479
662878
901321
177087
204729
243633
109889
781544
209141
777444
867773
227457
896610
55494
675730
891572
589870
726662
119023
686435
702989
251082
10811
665891
376041
288677
555698
519298
985342
267205
560205
331012
900527
677555
566418
141846
69220
155208
10905
399252
392481
213734
363041
698369
849257
753051
32589
845560
270532
407103
13580
408299
686924
9665
260253
747204
214203
994487
794675
745792
247829
722962
115122
281664
886542
60232
963530
145540
505317
9834
403445
811622
810713
655082
655468
64075
176406
514515
914441
698852
444138
772445
536218
146894
122392
162618
700093
979873
576409
968345
299567
293793
520631
536761
916070
548469
82880
255209
315552
241312
236554
53657
662115
133645
313097
233580
434304
848278
432974
183549
407764
126572
447076
477200
889405
391936
111940
822441
339301
486818
818012
265403
553792
848102
329765
289628
187396
393809
126851
836281
856093
263357
828870
412468
930008
845835
715616
697947
848932
332151
903633
821874
111833
597189
564408
319771
834123
725263
13721
741094
301094
127940
449765
917822
258314
77880
677660
917622
763485
272503
164422
660117
415815
684189
865123
376770
460115
822176
226062
426791
485603
276414
507053
695983
822090
170573
199447
113483
366865
280929
100074
645266
218625
837136
933164
90838
625783
823061
353773
614617
495926
776996
595675
585196
505911
85459
126688
936820
837718
697571
990416
447831
688989
311312
168323
275060
290388
819135
381642
652179
723820
375319
400410
219621
822627
222455
876674
794571
844416
219089
711347
453668
862736
574703
963228
880682
436893
510755
960614
580142
839280
392974
546879
730427
942752
749702
385
277607
123345
522609
711827
223662
214203
699696
407406
545354
733672
239210
134720
549041
825305
277894
8136
365371
308209
352673
144252
652732
441398
78716
609850
680208
992636
458943
80518
290212
594989
409939
497009
37638
258810
774236
450518
532884
831175
445278
126092
428329
965937
629483
755678
334649
966816
717908
561530
325327
515512
440304
461639
807758
510549
662824
833676
142548
461752
56124
465526
783796
620800
448628
520395
509414
636694
918035
398888
160684
566816
682260
545960
212698
988484
365168
431011
119554
106310
702526
981200
147286
415623
945487
636115
936020
831056
626161
834442
750993
920672
866257
508652
411058
236563
801378
211549
522810
568048
24001
664375
301775
292990
528729
827553
735907
570747
10651
743440
458022
31600
335432
296236
947061
430773
806726
925697
433804
513879
36067
842488
666923
883400
587856
847808
106562
318831
626408
489847
199430
85931
333305
435130
41453
416257
565025
659814
979579
355060
72593
785806
3962
733175
75566
726966
593530
776996
951047
11471
573995
562246
1921
202808
625756
354952
369851
706796
230398
758432
619754
408383
233032
202056
371325
579779
683724
927947
692936
803880
62817
207866
309177
292181
185428
379631
161588
934807
18891
377674
400344
419781
621664
807781
589767
445447
413032
340414
544121
137060
478135
175855
549453
429291
328652
837657
874520
30372
671672
756763
783107
17955
426415
70149
454160
981423
341382
814305
147373
971811
557713
702188
609556
258467
461367
290011
797142
879782
490769
289400
535154
528727
675147
268762
78841
910308
797348
801627
593218
636992
864675
481630
9088
87234
716796
588551
826690
317582
654424
596022
95494
533763
477928
11138
180313
309864
145634
744612
475887
19380
590004
729779
421141
985199
591544
239315
50684
409156
114900
851658
232277
581660
459460
35933
280908
623575
525466
793153
597813
395880
599109
119957
336033
613816
854033
180859
26686
658969
868311
58737
299487
976674
887692
945983
167025
478026
311420
86655
748804
532481
268692
767361
328283
84778
898295
505859
114335
416045
437083
751416
63250
653466
96623
156442
366766
599901
976129
903551
695010
597394
336464
893378
326784
786332
725461
97618
541839
31101
56974
18817
509442
812274
783957
500489
335411
248243
257291
402837
981606
679531
470454
539841
541263
92976
100266
962098
18641
793774
272132
993153
923140
803695
158080
189658
430506
994364
898225
580696
183427
731963
598144
409398
736043
852069
618990
654617
860937
946115
967151
244356
155083
121402
82765
747861
343554
996786
304607
157598
192680
20368
78796
711358
320402
255299
249989
867665
808338
901313
443089
901167
852817
335742
708172
415865
908179
339963
185968
411739
478385
845406
813941
856950
998584
233872
13140
398196
585835
587796
97500
713775
172288
710883
324652
371041
667027
1632
752876
573925
685102
529255
855116
810202
622023
569772
169014
992725
448906
874989
44970
540118
701823
906743
17845
386308
23643
39123
540126
766567
221498
960870
656572
598194
194954
426789
906299
78772
195394
419738
898299
678037
191456
554926
260493
227030
902220
160259
494263
689803
509590
46033
948001
322729
844612
157190
961754
659599
454885
274697
651151
962525
14645
74995
537310
112388
529091
581237
927517
56239
753307
78159
215184
943383
925849
504761
659159
713723
149108
464446
123523
784385
675651
387857
223255
261466
13530
373885
628584
358634
325131
431454
160820
902262
164812
853463
842534
333077
689614
246549
592122
55085
618981
268291
730581
499763
552372
989401
5842
15880
39033
605060
514984
601107
118093
826678
612432
501191
876373
729162
978958
804889
593770
985374
842431
206107
639994
201920
987365
241619
859879
770846
181947
417437
141228
7737
451297
887775
871528
946853
805734
144078
318891
687217
621298
249204
213247
400913
140605
54794
671398
800807
502968
509222
836326
970253
239893
644537
945176
706963
818964
127407
130970
554646
449949
278397
989443
46488
337538
560535
542759
640467
546231
712082
422890
446179
175122
267342
968346
933543
998814
793567
440242
345848
200245
395559
387021
329538
942720
824269
431700
271930
30961
857278
202464
63677
773943
860496
340499
515273
610225
72701
193112
291584
40765
661112
917086
586802
499182
976076
839826
740474
746498
247196
460661
889047
997547
872740
407534
733938
325680
564699
134539
561430
645577
129746
533396
902287
422386
3769
635420
993235
503041
867083
129615
236728
157093
606338
447533
364982
371808
626478
271633
364797
560967
151032
742299
950495
164384
911078
707701
331307
40689
714917
71587
207602
481831
372076
122728
364299
308449
491556
806411
993586
268036
274526
260393
324702
481739
481366
2795
6824
675246
334480
846183
707795
831062
394910
45911
196659
253660
568909
745302
104521
286924
114026
295716
290705
298445
121156
400402
216991
615372
367957
286192
575623
498208
582777
246401
713968
481723
338992
212541
654192
420301
161457
115966
357323
138732
276673
429079
818468
660438
11297
553016
271275
454691
748106
69992
726980
19258
547786
24229
561324
955481
776730
154008
273369
123696
989997
327906
153139
727400
705767
785122
308336
9882
923794
676714
937059
929679
794824
842729
645069
351708
3014
819609
242581
315225
920007
106667
46472
381094
692159
773658
510626
774773
348375
539817
433177
670470
996218
693710
415905
954727
687474
791810
535364
861818
350490
605630
248723
641558
117009
137518
371019
182848
449151
708856
432238
495537
93527
522697
207646
356887
209112
138109
440233
23631
54970
538034
221239
76291
785338
721660
490028
321699
113089
581492
589684
381007
55334
796244
474912
829557
550771
837982
621977
439624
507345
379467
833227
352884
266742
720444
993437
598625
538013
542034
804704
757068
428239
403072
617504
408658
907331
394025
524848
934971
92619
347898
518898
421113
116463
701303
859122
916701
366048
529271
223071
792206
264044
484363
507093
199369
815665
903338
173747
496074
567074
977192
329681
484809
681870
693201
620421
850135
376182
79152
499820
371108
490989
511158
767043
208411
415660
89264
604361
515287
427281
130739
311955
160204
18248
119922
81630
741879
649261
130293
861613
822635
609765
856766
323663
414849
852551
619572
507282
780683
674820
285405
316305
47434
503434
178784
904909
913455
754761
665642
18109
417434
329952
684040
216609
841502
635799
628218
624935
359067
608969
817681
702915
284597
6890
762452
39234
518641
604594
245918
979461
635489
972116
675676
627313
325236
612753
345092
225508
196635
204449
738147
573540
535833
840464
237335
292016
31747
849316
810899
854350
83901
656715
891570
10027
21810
111573
597451
488615
961470
986727
10754
590868
604484
179432
17174
824172
557892
214031
207676
315909
908544
992191
414677
572701
30007
880445
827177
922235
77738
785465
974393
914642
189450
798842
26986
689702
396098
272989
100164
630118
312113
185237
388795
413837
210416
573516
183524
142136
775604
169257
568596
199467
97750
323949
573269
520599
715234
514058
135481
621937
200756
869767
194382
345388
611411
203774
833516
765079
790445
109571
328040
188058
267572
551243
398676
486958
169005
539113
464147
307859
750121
516710
526699
127092
468756
690493
227957
611458
238553
45888
215615
94262
263997
972425
757497
918912
26469
834468
536827
840332
470934
251425
168308
144699
608853
111530
808479
276814
770518
56303
693069
272849
428163
812182
942835
117476
370285
553832
664758
993466
144711
329816
945442
602702
547650
53851
606752
942861
262487
354494
369973
647265
546954
545599
806552
917646
334871
446089
568422
306795
370162
426097
909359
758695
962759
675324
301245
377316
531211
609711
264923
351005
261479
709508
155866
66098
352061
556234
688027
699576
717417
851065
83734
667437
705820
75444
117487
214244
63955
338339
924923
769922
270199
241565
425696
697670
326073
383890
13794
95133
512222
722232
163922
89446
160708
313873
459986
438442
664267
889337
251988
698602
571793
587022
500979
324515
136802
5877
992541
819263
493400
138792
888102
433040
702264
676798
627174
730382
767392
975079
12735
782208
627225
908501
988247
732075
909228
167934
917060
733893
181122
736322
864733
100716
294099
506099
379524
755466
497784
895386
653151
815755
737199
639336
241460
581559
90429
239759
501590
862241
674446
844005
244356
611615
497137
184513
626648
545494
855254
683759
908131
786377
655607
273130
140232
175681
107381
536515
879979
608351
252983
490944
679119
549202
968084
212470
600655
484543
157310
298053
28297
580333
380644
464770
990311
812939
55801
284469
596940
466105
587308
713233
640833
391730
564546
951140
859261
682171
506912
310982
633381
453672
869161
131551
950463
485696
417542
556386
738550
258633
431888
866242
945292
840087
986510
561231
518623
473412
194583
10568
437996
300766
321351
717851
276205
250905
721247
124952
518665
911825
635748
270954
961825
368762
615415
804099
334614
399737
313808
589386
363253
779821
957007
545967
8021
196446
35003
405500
123263
849470
728897
209492
144926
58032
505847
670520
878534
684657
781972
627854
622230
85445
516983
282471
916519
106244
858885
82711
601833
873439
571835
323359
924229
527961
833608
927247
751322
261194
877927
948405
467065
216220
82508
871173
591034
530645
583805
932154
150913
72221
678513
860813
312617
350260
340070
647775
334581
2542
374969
466160
221529
674249
986659
651823
400850
75294
973728
987063
35592
111239
887721
358295
864856
433168
562418
506213
833954
580633
144014
120194
821496
562732
599344
533311
876636
871225
836546
373493
221834
26480
39766
553206
469007
202962
217372
715200
429194
18073
496551
752079
255780
643731
696688
464906
627356
319685
750700
351138
396123
493911
196011
140722
29085
568733
673814
421546
975053
829898
682472
115625
983980
762616
918288
714104
408311
204783
856369
992864
220868
18219
954121
387128
975454
831316
704815
93756
508311
62516
554623
642388
364303
764783
609586
235285
276267
266244
785027
290823
583626
242121
943635
88573
197433
106912
106623
260329
96798
862414
461876
496321
735069
834075
874709
969443
933822
450986
808077
352937
394800
249169
267858
777522
775410
844457
910696
406615
414244
79787
349630
663869
57267
493307
727011
692786
855966
552639
430790
536396
239531
446780
576958
422934
33995
684705
236870
782527
702162
448015
411143
687922
664131
227554
25718
896082
550924
436232
760432
495876
388825
290748
898873
205219
650765
441711
984134
685575
511229
855140
564159
289499
784518
118039
32865
506427
981029
464525
85338
984452
324757
471898
733688
230638
332467
793203
224343
994847
187328
501203
316819
582777
321646
687351
767062
945047
375580
731645
773715
926163
441353
328193
712038
282132
583484
304552
716826
919044
639072
248993
167697
771683
315120
633712
798737
52395
825348
897758
736914
997350
859946
715999
583370
285366
652983
771611
834847
734439
415747
215779
830498
988728
322191
655665
760659
968709
83435
660588
610041
96390
858811
581358
841614
498634
994447
298515
539616
552047
490343
543239
357750
257113
535567
750500
675365
907803
933102
763686
777934
720371
88078
175161
741224
486141
889203
590322
960307
785125
228087
690904
694271
351642
566831
624798
82293
449071
339511
557350
900844
227995
391180
740173
719803
757901
986274
291421
899443
56853
922454
936210
208418
98219
749569
995433
664805
554631
466660
10930
670898
268846
873896
429235
268402
409561
563972
797616
954721
187283
104874
200612
313380
506810
110546
617613
703216
653219
935278
916184
646118
932265
875892
917775
613710
881707
650117
221600
416690
80128
454241
555649
646298
170446
388989
354592
216683
219786
112052
737690
800432
991397
589327
243685
249089
252523
785814
410575
658423
615946
499861
909212
981342
252910
353944
924841
262736
417423
732075
686419
858518
838573
683692
660275
964091
847457
233922
53363
840828
843799
320805
938204
319348
970930
566892
306341
942034
961370
84240
118099
674946
148216
144861
439822
737939
41804
400282
798453
388552
526690
48474
364582
689561
905803
807880
760478
468549
335726
390003
474804
901844
743680
907280
988315
836858
583097
517934
175771
625245
592604
641182
319318
603890
2272
994329
708660
47597
495102
295691
478716
364128
336331
450062
225716
144453
591233
861257
50029
624873
540146
964374
681302
685477
510301
492776
720332
385903
987696
851899
420919
180520
517133
369548
486975
289716
542788
200166
133090
592531
696919
521813
3712
466829
490724
162615
237861
615431
568122
38652
418849
932144
334131
26586
489088
615936
83145
531911
848035
589448
590586
322226
379612
664221
582250
301547
985696
216942
547094
652094
52322
905331
369513
618439
865689
520164
182795
804817
744610
209069
976115
869899
849947
830843
153178
167056
45089
188839
893467
929233
263949
817928
450876
159019
864736
9432
574999
317671
935045
615687
310831
677604
749766
37083
976271
843216
39149
13968
341717
862546
111024
518550
118420
518413
642561
290384
314084
531967
877158
94820
95964
586807
621003
44488
488854
788120
994591
766267
139653
227028
260938
39837
966293
979420
673506
690170
158167
736548
640977
45179
148206
966847
5373
711171
69132
550268
477954
464149
271986
203718
760360
410871
785006
840509
772457
830727
947389
907409
409458
427842
27016
594364
401370
232598
995075
907553
494532
552169
212398
880154
54987
876557
430335
551180
65750
159626
907296
637941
462061
10403
439055
405424
359075
311216
242032
994827
19465
107887
372003
73711
4927
959759
415410
895153
45295
75421
109010
930535
280863
460378
23644
284839
870004
52858
315960
316843
147792
518687
902300
79887
52363
216169
265887
971791
630469
230636
570057
750261
404996
313499
364775
120400
188169
92607
610092
654475
383313
678531
552674
133420
437148
213349
175716
360715
532416
419230
965340
489313
840934
614414
276105
867152
398776
297771
461675
812246
404589
201247
789235
928649
278122
635955
309616
88594
983179
668634
501493
377911
443621
717716
931809
426089
419481
309258
795887
499126
909693
172910
599804
665184
482837
370634
77880
882700
741071
992866
114154
269099
639153
56498
737310
564404
486750
769323
412660
124352
851035
782610
818365
43137
138368
296493
881884
572741
367940
921766
353736
512356
781719
509197
246745
784294
203860
459485
944546
331863
7872
875336
421227
294520
345944
57106
657181
997935
567392
450044
152585
51503
593366
222921
984656
948722
384408
146676
149794
389615
248499
288350
669031
678225
918397
193913
118385
41199
746678
519120
746579
42375
332056
472463
868882
618563
240281
299770
654984
858919
940276
393059
283316
276705
978674
442952
511148
810243
945551
641142
868100
769864
784211
175174
798874
482642
840186
103005
652566
678609
362493
608656
776380
908353
943167
252093
187423
196345
934781
720573
77891
842033
443935
349386
2506
313707
771419
974267
624826
15367
60913
193792
478661
640787
400491
506643
301816
979359
191349
846086
654586
608664
998196
617023
224073
292333
716862
579913
608744
932261
648935
241827
180358
109532
181220
465931
175623
996302
3464
157851
790285
334068
661205
170550
456941
685573
666478
462613
31738
530942
584951
135982
993388
486064
637354
233060
550054
471517
531787
583195
750543
637122
966466
591216
281491
844675
101445
181394
261750
556490
892191
845965
306051
474449
458487
442921
624133
642695
382041
767015
847909
701136
652569
368852
78359
175450
391590
537148
8773
965575
367346
193595
656375
827086
252498
394963
621973
313838
837798
527774
365769
915785
154007
708068
427783
596986
642769
248459
86488
116855
234294
645826
794265
865235
620875
4771
413792
88013
47403
74645
918971
223246
257488
460613
578896
173544
433359
941339
851248
642979
290482
595423
964895
51804
789633
704924
692725
274821
394387
852405
498615
991645
724515
602114
886049
455204
524850
324458
824829
353256
982029
337930
592430
584491
139716
701466
560167
693998
374733
327457
560457
268965
180845
702285
514643
501778
711185
510280
84905
131690
619187
510088
385877
285253
302434
44975
470372
816929
335939
206268
212323
947580
919565
579504
792507
754171
385988
199951
163232
87709
171132
724460
49637
282995
136856
254574
124554
856755
155071
193899
58894
607741
373422
690182
978579
292138
626673
333891
751636
975075
638006
278080
527579
545947
858398
692034
889664
117835
61171
548736
683488
395731
17118
775126
456560
120864
417227
766003
184287
833658
342399
32047
145212
520316
157928
729781
587024
152669
716570
50775
117287
935342
207261
632908
687898
142632
576824
434655
445859
989367
66184
463004
836680
496242
97951
792739
564347
867960
124505
298642
505301
556946
519405
67324
678285
330297
566076
594988
398715
17810
174697
821632
351324
487816
97416
476897
87380
72959
284792
645613
306158
425950
998960
157769
194054
418080
278810
426433
118978
739436
92105
578223
975426
201646
635417
638553
528617
292788
418093
646138
31644
801314
552812
674801
459696
439724
378180
51922
35901
320085
747857
739190
182299
895645
661823
836917
129205
260438
112345
600360
841316
912687
658354
972829
111457
774931
237950
317111
291915
487300
443830
52204
454629
571817
776006
636766
343990
772737
667000
783616
462470
53407
70816
554563
472042
719982
503258
502890
924426
430125
393372
795759
983089
39150
958820
372761
855152
236136
151604
211341
351696
49694
168048
32852
24416
840691
490135
637987
398741
937553
967795
413529
174972
478291
594885
321161
919125
17134
727293
972343
652162
779669
983790
362501
152000
502231
640447
689050
154091
94427
673181
379793
115564
481220
648954
499701
285107
780764
583899
182841
963285
640514
714029
320445
246636
618722
270825
960111
357576
661755
181796
581730
902265
94156
445381
850213
964043
509972
709303
849495
872162
487451
686824
81992
568618
273897
808325
88178
333362
13885
417557
361833
275883
447796
306478
511195
321715
886889
953623
921556
66263
595976
499171
658144
32142
835385
275564
989610
496731
492381
105387
505402
647804
626465
20794
459401
497653
58868
33170
562841
162212
451618
499935
509353
233242
40814
357348
9677
897477
378675
369985
681435
292903
695958
572137
218861
440814
646981
787858
845687
576518
880931
106742
46528
165229
986187
781698
830033
250402
408602
436802
521868
264658
962845
969224
727728
335520
331607
17723
66262
542283
268060
443136
186326
539703
774347
684707
108549
97693
512092
495864
945904
299060
944916
218672
324691
547773
289282
59104
761916
190942
248999
443774
511923
876517
228871
592691
948160
989741
384503
566765
100699
348327
190872
814042
974945
29242
706286
599335
514282
681660
524820
484447
37130
995560
723134
297106
640504
255060
518238
26672
986075
941779
568946
643998
959664
522833
765021
755814
315178
154107
559104
572294
327329
510098
277246
494581
406365
557818
526953
335666
629641
170483
259792
136872
35756
665516
781594
705226
482711
224013
235122
321972
629751
120723
622183
493962
497541
136787
373813
429589
201180
271562
719916
988696
500203
309566
217179
604266
123103
28082
353802
756696
776274
134554
470497
525970
397809
92439
446664
140888
905322
98334
805521
877247
549606
797081
672275
614171
2365
336047
906643
556226
876372
953335
624305
856868
398572
466570
615362
765476
784176
383615
352703
879157
42206
917266
271768
112840
247541
875623
668052
807222
663307
55704
806387
773719
155131
25877
702997
210307
680314
450096
618592
932120
168899
663905
938011
892554
105046
632575
555780
808498
990965
708994
512169
925690
887813
61384
111861
665513
93666
784829
466118
409432
240794
146874
919536
481501
383679
640058
850613
88962
312664
508730
641370
474603
306190
602001
182160
663992
993865
144322
351362
212521
778775
934183
442852
84634
21181
621773
51314
73851
9952
89978
173935
590581
253827
648593
291569
357919
11571
36559
115736
968949
355976
56987
781910
168670
591325
410239
830767
585783
989806
701289
244207
201153
729501
435089
820098
229303
609969
290096
311790
16945
936350
743033
557379
854783
516868
995568
439237
617690
178826
342146
585106
624909
681424
939425
444656
314762
850450
568947
755943
397655
214281
936323
680138
307462
919888
819988
933516
389233
988223
837755
403136
24815
213408
254561
133680
108705
406932
979023
991270
152803
104285
802335
970834
584100
887810
141851
684812
212881
615912
136990
819826
623347
887379
921406
179633
640286
391099
354956
873576
547008
575616
944219
424773
236042
699772
990308
99000
217705
548833
230942
577214
862046
601763
373684
698937
496398
419044
214685
158152
186521
454758
323097
783887
77891
310314
290979
373612
565648
679372
581977
566526
370725
608385
757710
133388
599526
664994
999251
575489
479831
218473
843678
950569
286920
334990
924499
56102
614088
375558
177095
989511
861741
941015
658439
286023
825667
487199
47719
483203
175453
287112
474151
310636
108093
366455
97028
584485
733334
532505
55810
422357
684712
127046
618685
311560
882941
311555
361440
695600
867230
424644
838524
482934
702926
629653
967106
331670
52891
979389
498775
240778
665510
919645
256726
746084
816129
354635
299073
615292
635425
860021
663659
951162
205644
578697
970575
910835
181231
434430
171221
318575
771464
59737
321055
467216
407643
796877
114097
893062
468108
581568
646941
642530
948453
500464
796009
426061
309789
744595
186970
986367
669115
78793
375725
527273
744329
885527
111309
695489
516114
342238
490111
16872
451437
210677
625060
771300
755239
940223
684088
939820
702882
973957
388848
635842
69674
655469
530637
469236
930458
337966
485631
860981
30452
444757
422328
507344
178102
767860
272600
877519
897353
533130
111864
945254
62301
158677
988792
600051
901583
338615
36951
706912
665621
158264
890023
579742
96913
33645
279480
282719
22152
733236
500565
626888
609108
414643
470641
177553
540789
727231
910426
460508
725676
638325
15454
94870
258988
698969
380072
734465
228207
581784
137987
229824
118074
29573
126438
516956
555632
692851
847894
972950
252061
624122
658884
266257
992238
817218
997221
117618
808922
547213
480471
125935
269531
457670
702241
732850
150480
848029
767869
207748
107578
216760
648386
644402
916099
63773
836833
642252
902140
437450
901103
407424
209636
642165
196862
414893
845166
751412
522849
368934
851716
573668
291916
289554
502069
428107
159562
440792
977617
621971
864050
284115
388754
636627
503102
265758
280620
328289
805634
330418
799310
349487
846994
12791
725385
685055
746716
233684
283386
788556
365717
245883
312730
159952
531146
369323
849211
351562
660162
125959
248588
684068
537629
230409
900550
41327
535612
207113
23382
781388
319638
34502
823162
130733
68134
983052
751348
570377
188510
635905
931072
533518
381873
307
250513
252144
313670
303642
279892
24601
789282
396189
268124
70389
279085
631410
476379
309947
442224
378453
87009
20466
6664
379684
390745
701770
117116
618862
963901
18936
434016
669081
259196
284196
57173
269070
480982
526898
18054
467114
394052
420647
808794
756237
477348
852134
980308
742249
453152
164000
807821
988720
427893
542527
748837
225228
465830
310774
844158
426907
520446
223638
804899
951422
209233
191478
807930
20237
982124
905848
564527
197845
597312
540080
965816
1494
675282
468841
867096
77331
803266
399745
934205
520638
32385
951942
281518
500775
463743
354861
677005
767098
25525
39263
591561
499403
78852
106173
965839
326128
388188
149724
144437
261524
696437
180875
124345
424682
423506
533473
549930
678322
98577
823143
829111
667712
472272
530744
295351
586410
270028
331316
101283
874577
459215
869760
836546
253997
376584
426596
352514
894876
287064
69780
758673
646565
385904
546047
509852
831420
794110
650118
281248
790068
403716
771175
699120
913717
957773
418496
724277
555203
267591
624268
72114
730630
705459
525029
364100
582858
58429
758432
290425
49030
448184
575506
717055
976633
564219
244695
73704
91768
626656
362938
304994
595541
72516
438179
124415
456814
207344
270175
715956
483209
739947
903433
734788
495670
48230
384448
408797
773279
925034
792002
597268
142388
698833
303483
28831
129471
385080
130758
525896
455747
944533
517376
335852
703368
206579
458730
172221
132131
125583
985695
525720
149952
710399
749427
972603
521227
913160
692921
292807
718908
936755
592783
508047
373160
543377
58895
167653
659132
160046
394290
258843
204569
557470
107811
431591
44618
281209
511267
831537
70196
643111
218323
155572
337031
297043
441527
118458
979603
713489
933045
876313
95895
169621
470489
236986
238598
604288
585130
563333
79957
356040
566020
236048
895914
42435
271467
279768
223726
275010
451181
165256
788691
469429
229598
719588
921063
158779
320897
196317
593034
232935
700310
482237
675283
383621
200735
170489
632431
580601
844198
634028
653645
965511
678699
553117
922875
367840
179468
727290
895172
194167
220051
28044
625035
880872
390148
886
5664
314524
688014
986595
470524
184700
285597
317647
47272
611984
348296
215729
331458
805027
769366
333435
849420
744832
937805
374910
269169
301583
668884
177540
577320
251807
554957
148634
428928
360878
486329
645328
864967
517527
444518
408834
667227
65611
314129
728608
759584
727030
370237
511813
686365
436724
300255
479837
826090
983416
955875
687557
629233
480126
384202
531085
206556
734224
658503
123096
230719
363917
763309
616405
241334
624005
358532
930530
710057
738094
626391
810878
100538
381913
647961
920763
701140
971325
24043
437890
432938
147999
783242
129121
196635
980489
309966
789356
374554
852227
665851
412710
629367
672203
545252
34111
235482
453759
886638
261174
750104
935844
915597
552874
739948
215778
500090
383559
612462
192571
579343
462030
659625
325687
723467
723150
913200
695328
475729
547275
459199
955792
977385
73614
73912
951011
489283
15084
195654
426545
772692
434173
940154
962453
807832
209239
473638
961896
555175
784106
121261
49799
93653
426714
783285
652346
115684
15527
735419
919143
27293
562921
29055
787248
69510
68378
939606
552225
976967
850726
976378
6197
440137
28467
13009
515053
734757
670517
862871
174850
817951
484991
767418
844021
458104
145612
284346
692640
643949
365055
247347
32792
780883
582967
244087
186691
51387
218197
90175
89225
46879
331406
956571
51716
394409
446129
223858
4021
155354
826873
947062
453229
477774
281489
117061
541186
386506
314820
898770
875968
850628
49842
106917
142278
209991
793021
349576
824406
301616
485510
963267
57324
730253
208617
713769
250976
633293
985704
423524
909547
35384
526033
28224
239671
931757
605973
930025
914045
385107
244218
437998
288062
285371
139670
810057
922562
712406
518719
479193
452835
112177
200555
388975
578510
27950
470795
420596
198953
361033
629149
12546
488761
732886
47853
651492
370155
131904
584911
844568
490679
417436
843888
229963
62929
37203
407301
909962
898459
245757
335516
632005
437701
753474
597903
707077
884443
937794
245222
382494
669477
583654
226166
732002
78062
556823
912535
621199
464393
24439
563695
576029
854523
902231
185968
992755
737843
232425
875159
480016
738200
517529
604510
910639
371963
861739
546279
651151
791982
872548
648683
659538
382552
976417
500889
178098
24776
285191
413324
954493
898236
709979
990712
954588
90964
35842
675120
907988
562908
736721
740276
980424
815501
901094
670322
432575
47466
561475
411741
631138
991297
728675
707628
896324
312375
637060
538919
213456
235885
339252
457443
19923
346212
612970
880969
500343
329211
449672
628541
597920
744565
674950
176979
413210
26980
806691
195425
850538
256045
492038
337426
697244
383027
356165
906764
678838
638380
375446
200770
65104
476035
832119
604288
930362
895688
612011
969688
612429
358235
139422
340869
568262
8678
179237
281303
741112
585408
95042
179610
789807
247447
545120
171427
253730
757651
322863
954007
67587
833488
5919
976082
914281
809672
469526
877422
409424
636692
640037
21995
494715
641433
489693
79136
116582
175748
4955
852010
338199
992798
17592
51486
774743
239916
686456
476017
85561
881321
415793
610617
452328
454339
914858
375549
974608
685169
946314
412915
655237
539691
611235
339768
799253
614583
495960
659009
709462
821693
585992
594972
812478
273839
776674
402165
211754
721496
989384
818411
880854
340593
240106
108405
68661
495765
540113
130819
598628
968349
286438
375174
197082
553149
476889
343445
44108
464694
5907
224813
642745
558884
140271
348927
535036
825302
205013
357259
162362
497470
719567
104436
938503
443256
505703
815338
270218
369582
740618
935242
466367
343066
199021
776534
877128
288900
470694
610754
117608
463387
844054
781521
57590
679639
610957
805587
377356
693038
72117
329243
258650
610209
361713
374769
107257
225941
489353
268691
582539
923686
552838
184226
447271
32675
413665
22214
684728
288575
163850
552644
765767
569655
792940
674410
977695
928656
397497
766614
980634
744652
43193
871346
740895
470397
942603
405554
315871
339391
596279
560368
148627
473615
447318
410252
304389
807706
420236
793352
494060
429965
901477
529398
15146
912851
282211
356627
226868
66385
15836
463047
169121
141097
145140
39924
987409
930872
973466
954440
900945
765555
8628
407708
212700
628583
29116
192773
790476
48609
874662
48833
536028
777607
725788
528864
906197
985423
819231
163384
785499
736474
875753
947160
119691
837312
679711
875317
390810
885276
124177
729365
976009
683933
440296
145933
143316
303401
550755
702890
697253
915626
819367
536937
851989
805070
791354
198150
554683
286762
481071
503607
28815
281101
88004
644519
165175
962303
840399
29061
748732
609132
97501
868215
509860
103817
276816
608337
258387
6657
767724
697721
338789
592935
520473
300770
832624
343916
94177
460833
195332
541417
232900
115891
953199
80591
84045
102312
52781
569459
859966
300461
516076
29261
299636
725434
878940
89665
743077
470639
407620
18311
974731
508740
330109
768119
183321
734122
94031
295085
524232
764931
980458
424824
89298
887245
412827
361675
658828
743829
38492
568044
607744
310083
658049
56893
550770
320104
564851
409447
466463
487725
715464
860147
319427
141259
358020
747366
711919
388458
4813
676793
194065
309329
799617
735682
458650
951485
445483
459237
325535
908176
222080
205832
292204
113374
697224
233849
634388
503691
556167
715693
253470
790331
807668
32322
18521
365023
442913
348628
530268
571568
219188
806366
719130
18358
75042
518447
579632
572856
264039
643123
866684
39328
824609
591056
298425
424234
164143
234146
422511
440260
741386
881556
154771
357986
630266
103391
4910
483040
974266
312826
728826
462001
109477
858518
522233
481607
534231
180055
750065
859376
851703
174455
903906
242054
866878
610527
661241
940944
30206
707931
214895
733871
494467
680214
26854
748423
191110
257247
976958
525881
812739
44638
632517
390036
577708
624686
346267
433810
488812
706227
43357
276331
413940
655762
513674
698256
752037
858930
974153
539111
852964
204524
956050
815291
116230
392381
861067
157377
208418
326317
341961
223009
6623
180274
905509
294624
464099
286687
573762
24228
88231
116290
971092
934314
696562
263973
1655
944400
937502
687419
637960
23567
108848
246112
983005
270214
337470
250269
974112
656910
795500
889712
941981
39390
198451
232023
968678
74809
522844
702565
64495
756061
112829
615671
565393
309292
38102
665861
633213
121991
649608
146772
626845
119834
347385
488466
375495
727059
796965
286574
60243
524931
428706
44446
823805
615963
687529
410044
344471
861589
629510
586339
889100
125975
224718
583394
845502
385948
631904
380939
73077
396763
225260
302831
623218
548167
367320
683432
509923
440626
668829
989492
36426
519097
228256
655245
498887
17378
969696
65909
911271
6740
939342
663358
123538
408416
536448
348426
154673
628457
584838
521816
41128
44039
339739
547010
868961
261273
345003
408803
363030
358185
370926
247068
666899
790127
560020
933139
667872
104917
798338
931155
239477
375889
334368
516713
717329
744528
605660
809035
915438
838961
951064
777805
989346
670834
479206
357340
448464
339580
353609
702386
63531
31476
685680
592231
645317
268416
717790
603681
150395
812285
253288
101966
597080
409887
351668
255273
215305
299720
948301
397171
667645
390656
570878
384068
90103
263689
909368
718301
877125
61130
457388
231465
244770
246086
875739
949181
136581
84534
471426
66738
733420
419576
855263
193989
745956
960248
230144
718909
695563
549211
880555
135864
995057
298079
68587
160231
502744
920561
851238
614883
992890
731480
596194
257484
963935
572791
326266
314313
934615
595369
274999
394699
514179
53814
455833
219473
816218
404304
138337
816032
78924
114874
56128
478112
123506
327244
448781
546400
332655
517502
405116
900489
570750
256781
1393
831370
413650
36552
663794
382180
178195
253378
198200
217209
541113
484511
183209
67396
641739
478276
75562
324486
29622
118512
225778
973447
750441
780607
842845
166085
44067
11446
432825
679325
300960
53878
648239
661875
333874
803740
160881
857359
89454
356308
58963
174296
799482
92884
12307
95828
160440
580438
594211
23830
155226
857804
786530
875103
482317
868342
380658
430975
116383
898442
729545
503249
310643
892147
303491
116007
466700
613631
624151
313234
683134
456262
605126
398716
252477
454037
178755
743976
539205
351411
927369
443498
495465
879803
635002
973904
659998
170341
36567
798547
866216
505642
792314
565204
547217
246454
767475
872522
172195
220681
292674
204277
491291
175561
122112
180678
473577
64778
90757
174417
450104
543886
788076
350743
202666
352476
570621
833353
846537
652427
782776
562523
390265
397464
47732
776724
642259
176664
25415
530931
877642
792839
117634
205597
536576
74518
886968
892502
126674
395460
567583
807818
197337
843108
252385
47753
810026
158484
808514
643370
253817
818971
586154
903019
907643
599387
389595
603041
920948
83079
886376
244396
667714
167104
74749
738329
309769
397394
449014
483948
467193
910061
809554
592811
478707
984442
768250
342906
558685
120763
360469
886590
464214
570697
607040
908767
249210
88393
76748
492064
32095
686172
448326
400788
215728
764355
575050
253616
424153
382229
15788
858495
960577
435295
280587
784759
608027
44266
474919
684227
484150
332925
632768
912903
679251
17675
223935
856869
878825
929199
464897
78050
639935
856483
833825
386184
415482
744826
314554
759386
946510
466744
82376
116552
622592
660944
524653
579167
453270
165759
507537
770428
661080
536907
941626
993360
399766
531799
919058
471236
91781
599295
922202
938168
459726
527374
735824
23600
596820
873929
415561
826239
320620
172458
865319
988382
118358
166134
684042
880557
67127
701820
485352
930097
392975
672109
15200
843603
288113
770918
819525
705117
757989
893199
409664
11631
218030
916387
334082
767461
265550
677895
334490
865739
560732
109552
181001
924746
525895
403325
900768
341447
261168
722009
106361
637373
272508
528764
161775
587709
797885
924740
607876
347844
453438
626325
449504
262081
593367
434277
670526
388366
121686
859796
26104
41522
779989
491742
457103
28158
827883
709142
78254
406135
479627
847961
724661
652515
525940
594985
646941
985591
120233
673658
122086
804396
286212
939422
795407
698537
462171
94878
543285
816449
507961
865814
869471
441464
491128
435833
326394
382610
363635
339875
387660
865069
572615
201695
76876
533703
768917
472001
681442
59370
749809
269726
299558
359869
803874
871790
217502
8867
568369
699631
682404
777662
925612
422820
811199
404592
486897
609585
686069
271946
766001
47317
282692
494544
615816
865408
143107
123097
995898
842167
539156
641439
794790
536419
11815
779567
773980
810346
194019
147547
849026
64181
36059
184767
645386
195492
648003
952641
550754
584491
60980
770025
757896
352233
699775
476693
215767
733103
183550
423566
900791
929679
122234
910653
677113
885830
9292
7571
424736
580810
816409
46679
354381
337749
303038
203613
390814
724460
281865
418411
304812
748362
580159
713218
55752
731432
373046
61525
120376
610762
340381
435253
5399
327352
121638
535321
888921
70792
775877
518043
479183
49522
64316
361243
993254
892568
221824
75631
966675
850127
125754
656994
86329
649167
431998
790991
16441
147763
867597
733317
423447
367947
373958
124651
616710
752590
26582
126599
237332
203979
17689
426160
53741
357810
161285
598036
384848
572101
148441
991525
85633
682026
665805
165832
679405
765559
629988
969174
984042
828981
195151
843814
549646
916273
439573
585616
219186
329700
783807
484685
581562
800482
406505
365206
278698
519840
941257
874502
825772
106673
322878
713337
357285
659075
10565
390067
411705
367600
792854
712051
444627
151338
811242
235293
934844
450701
189354
618992
741489
362795
688686
480178
474278
433100
265148
875358
348609
469987
978811
715347
57417
479153
366631
477004
832677
700012
126044
493367
764089
106285
824991
347178
889430
510296
68743
188687
937795
441097
953305
470069
129839
558338
611834
891652
789042
745803
128313
998935
316320
253270
937922
361048
220743
894597
300517
565756
900048
477656
843039
88937
401188
57224
107011
66415
310607
980458
498220
412994
666876
90229
83079
801553
521087
222362
924971
784476
237289
307054
586697
789622
97801
63945
790756
528369
480579
764850
490964
457709
235006
324255
151124
236598
919761
744270
263570
302098
448739
495073
959206
493888
896427
546068
278503
361609
515665
837008
23396
714466
771771
547590
180368
710222
821366
904960
248328
402075
16017
381303
656705
142351
463042
400806
58832
635309
480691
271854
501046
392519
319101
264540
711608
312773
511653
797485
609922
469505
765746
907386
355979
533713
495076
934213
297519
376720
820369
21604
997462
844115
416367
110973
544822
918667
848002
702300
760404
268547
408030
433479
507133
463631
820523
192791
515948
876685
580535
309225
403703
978572
142176
727587
283602
766910
246271
340725
574982
251305
685533
802129
518067
235547
926675
592329
294080
763616
53215
264839
325758
849094
524551
105327
814049
306984
913781
29203
175806
999302
688112
106043
579323
520257
383454
995004
13040
124906
310269
234812
533120
587129
596585
675311
442417
819704
260263
461174
6386
656977
867333
169356
59401
956118
716064
612601
118019
367114
874709
620267
103757
578188
779542
129031
813963
386681
291083
258152
503342
20214
691454
451279
203456
648408
497570
96975
88469
874417
774756
964941
464698
480450
659895
478648
272898
365087
327020
167728
551627
972988
423287
332541
596565
561983
893992
515966
73613
825397
963244
701101
265164
766204
996357
566750
893928
111623
208434
44982
208982
232841
811233
709751
342282
44247
799626
276284
467645
684997
126291
572221
624251
979773
49113
580785
97522
317598
860132
45868
140209
418202
224462
712201
273989
180788
47083
367216
904874
871691
988731
758242
921596
208787
340703
680540
971603
449735
40907
374427
320676
214180
499054
776734
172008
227260
370376
298429
898264
741779
424692
139349
784452
971199
863088
810364
628060
202823
87222
912916
80969
593902
70609
416148
460293
81395
288715
876446
401596
614953
565208
586960
748109
442333
602706
342104
205352
260570
147643
721961
950024
49122
337433
208743
228023
734361
742445
184869
867729
321333
892886
549385
657579
139168
94704
387497
533410
850157
758028
198890
549464
526101
798734
178258
817104
197302
342362
811994
645171
657174
850761
794450
979967
998897
933537
821517
391002
739551
813306
151303
598856
207153
632417
651599
291480
731085
293849
338088
237301
688267
323717
120098
3097
220709
648746
986060
379310
840304
963705
338740
953049
822186
410747
917419
320558
303337
27396
693446
178804
727447
660801
528894
714476
993602
106675
533649
83263
941845
346480
560929
465542
949999
71175
342770
846539
362090
160106
856324
251952
11083
411799
582436
957865
309500
29451
412926
726323
656845
893480
791824
801693
327801
289580
110101
81690
60565
103031
912511
131532
236471
787397
980948
50730
718701
202511
697672
98633
965664
786971
390444
304365
807011
825457
383126
716298
750012
288768
383721
752977
594739
662473
242745
918759
604499
76870
217032
146912
972847
364442
529423
442371
115708
369846
243261
568220
924872
186149
614698
378843
418782
652534
568226
281563
162326
941370
801615
648628
727788
344354
60518
115885
707625
421892
871924
713915
477446
749595
854094
434226
435280
127897
577458
261922
597057
860059
788883
183056
157979
956022
994974
883654
290359
114609
171555
477433
149143
626771
479132
856483
640495
175496
702125
858935
660858
869846
30556
284309
955466
949820
817692
447014
771282
377305
168906
824922
364205
229899
73662
469880
743847
4953
509855
345194
865391
626329
25903
732005
511349
379990
160109
235054
606498
492651
286752
119092
231139
889702
808415
415431
156924
366664
879124
520109
20960
162150
678690
792061
452718
803155
248912
76130
300920
979988
33293
440455
429144
779659
561638
451522
834978
790887
705054
37194
622378
238222
896072
570436
907525
390030
165369
707818
428848
783196
151774
587173
860307
752379
516954
505823
919287
707789
958851
192946
372720
815393
561874
661311
634520
964928
732464
285
2343
975059
905042
297163
760893
996531
755631
849147
173827
520405
736624
693902
933322
190139
75564
379458
771171
775529
549366
556179
825154
936882
216489
400830
203901
609593
164551
611
415441
681066
778446
578421
81294
996351
429191
837506
87969
54206
100832
364118
255333
720496
733898
504908
307151
267180
267245
565234
324605
505537
85722
712150
355949
180931
12037
472296
77359
538353
1821
553244
896698
751269
591703
770350
876490
101354
213939
153911
449330
339698
546887
923436
823378
97816
424832
892592
682272
679873
54352
559281
393656
419303
355134
841775
786073
777656
320922
415672
343440
62421
465807
735764
301538
213654
157427
60490
790303
980198
319958
148741
50555
170909
42562
472833
562736
45475
325615
663665
737187
894617
786961
139388
342458
919500
614718
860330
819000
478733
519628
479088
240419
124006
908096
836888
780644
362958
611672
894720
820062
572158
465070
538119
83464
391109
331490
741619
696915
452321
906613
307986
870298
637331
474440
290368
339897
288418
574597
688857
646502
608126
691747
300276
533591
179948
272991
134971
9770
891145
164068
147152
957542
89019
325567
904851
139842
885743
174167
810490
459726
280671
791761
14207
965074
716512
857927
241788
392782
874521
847383
493214
576700
524169
762102
106339
142611
43346
846385
10887
42495
102696
39091
173370
313815
440914
982460
311175
941605
496190
637908
976455
386416
971823
728673
409430
895192
582642
565789
347173
725625
695608
626009
437448
884645
117772
649974
384798
953252
452646
935150
160774
897463
631969
244641
969616
652705
758895
364766
143341
783789
614812
521031
37417
224827
639637
274951
220406
492002
597632
202459
512535
897946
373772
861857
151941
175086
849494
766669
489721
268243
895272
696395
732846
716103
265137
239895
766454
247589
696009
146682
670565
296014
143414
295325
319651
820700
141071
785707
908161
635649
977387
584349
226824
426572
3852
897203
731487
177691
565334
711992
433609
558817
950393
619022
620042
445317
34314
501016
817777
295538
412806
911797
197067
887638
745855
321983
54181
344721
703353
745935
139498
212742
530347
814559
829145
802094
713959
592471
7098
871734
976240
989460
526749
334936
14289
584601
387855
520850
516013
652422
176164
543873
677141
391660
835782
522994
237811
745786
131091
70416
49895
332186
691560
413650
504165
177836
323013
620113
67068
704489
127078
696752
333196
883376
940449
290455
269223
28510
220986
215502
212001
605573
36600
741831
679437
816173
80964
736525
554916
220454
321869
581154
383197
340484
168885
27079
378907
529723
476383
315744
103284
539491
412352
723063
782996
643580
345514
947483
935361
149341
717565
579780
573203
202199
633397
645907
441572
251813
164704
348762
566735
426944
754393
256715
858264
330739
423229
2607
439792
334579
276933
187253
471884
858437
808123
670780
33431
861612
433978
426030
132561
555028
458581
725992
384374
200163
964585
736830
524881
567565
703109
722986
901733
980997
152697
693984
616213
431437
221115
84090
438933
930601
547933
883470
511671
38751
536948
625866
753951
562111
606834
120800
936926
595912
994393
782793
770154
521248
809621
666599
446304
278413
907668
671637
676785
313869
941016
499614
222884
191817
78159
241155
190482
723113
101141
195618
819228
736262
469494
52898
363182
834781
577283
561153
448680
655752
522645
690150
906849
296267
279586
403295
250887
594638
815073
664013
946724
286262
147122
577038
889967
959224
918321
584810
421404
834059
840865
34198
100497
482877
978823
662080
761815
554760
830110
119901
968223
680327
912786
861532
572360
934364
130852
830513
662446
217096
132354
610217
699789
686280
862695
704749
247382
839594
105953
448983
911022
155369
403917
786122
413635
323712
750852
552360
934923
798647
237963
300240
10161
427098
452005
383660
861107
20066
396100
135891
814762
290421
201997
424101
752455
349759
527838
649487
150155
655048
925396
824795
995181
58793
841010
263761
890975
195038
780052
87159
388308
13980
876273
31741
850087
451293
111500
731513
950841
790089
432435
94406
554455
371386
558809
779541
419768
783679
354271
560352
613216
164236
470343
25697
215282
117977
520742
461758
540629
704598
276526
512984
226301
959700
824340
83106
800751
32250
228094
787793
181580
4297
579445
884554
929161
25878
502504
734187
682890
563574
738540
568768
259280
766824
295978
88032
474919
937733
763175
444914
787430
724265
934980
108875
536607
786991
821747
762354
708951
38124
259428
526509
952844
635596
295756
298522
514935
531264
504298
419232
172050
438536
491789
355021
173983
952838
769128
589422
635185
474686
55398
508439
32722
589484
263398
26503
662201
744193
895408
942612
798366
207019
323642
255551
419542
750262
899121
480038
235883
590016
326628
27533
704359
777946
199152
915799
804660
64169
551798
367074
171108
580906
977094
147946
116667
86937
936102
678686
539817
876952
261182
212219
340521
981906
43682
18596
918784
811021
144435
837989
778966
379073
64593
10877
746954
616489
641693
357295
245483
138227
36602
402998
513353
340766
494555
32605
104801
888193
907970
164635
489660
352014
505454
882212
31457
545168
746029
467573
405669
944699
331639
707989
182542
166042
958767
424626
391825
202374
792170
686291
15597
770872
393054
239791
71080
849772
540464
981808
716863
987093
966498
897429
256028
372762
548249
31301
532346
425069
508629
642614
649831
570993
754366
208821
669725
443698
855736
782792
299003
44741
145810
262099
581655
719702
881427
900012
708096
244034
536717
943101
129528
888163
799548
933219
533382
362777
921488
14623
149029
912079
366119
26069
337196
42934
457775
985487
609687
472010
505075
802453
709742
2430
365314
24361
150794
226739
221834
663346
575967
314308
903367
174376
420017
285874
635637
382870
181197
384811
147067
618250
59096
547489
718440
459269
674720
775722
82561
739159
899725
441393
790792
962755
636168
866043
623902
991904
929641
112921
715084
915341
106587
531184
536224
263956
567850
474707
673227
695775
422129
549328
733215
795588
248337
865860
679923
165086
239412
350357
603072
764745
266765
482567
147652
795954
557789
800719
389900
60995
687407
285600
522140
996236
132649
482188
214161
804264
78536
964019
739825
583696
104649
723479
554431
634921
197433
893783
868347
497384
923164
978043
905331
849275
549226
163982
371554
754977
613067
513089
595296
793125
591949
2055
98106
272162
361515
351744
702018
150919
634304
782832
702613
822435
758220
141141
311210
397261
228916
710103
905138
273423
228852
664102
471952
5422
864321
487507
729047
519746
335396
235795
16857
433475
234051
584403
910921
606098
72677
186550
519624
412246
809360
704378
66388
269554
412470
150882
687493
561876
797918
129731
355147
268650
807363
390659
89222
899785
533359
13746
640325
150039
627785
627484
21116
893744
788369
743662
128768
575726
856876
657568
771177
832166
63316
827965
207572
327092
817139
808405
579407
12840
241720
751169
929508
448991
58836
373058
342728
324885
683957
357023
798953
456432
875918
616573
376007
23855
220773
315154
376404
864900
521000
268397
301254
374610
248658
771220
470050
829148
794417
2685
241334
884366
98714
15199
142142
995653
812025
188310
624953
600803
869653
1492
10391
295739
639049
206015
795289
593179
771524
228094
43891
63572
989154
374270
138712
495769
336409
714456
220556
38465
736038
20653
651024
505814
326934
479534
335587
483001
257460
520339
199818
527361
631917
695320
463591
767458
108762
200786
494732
206845
44640
971276
554778
57577
489254
170764
847425
946482
755049
749217
551353
434774
417097
24841
814096
292374
481841
171462
816363
227783
289039
629299
523984
302905
222142
616473
621498
181241
142539
85687
535148
371573
556846
732168
672532
273224
923922
886921
367639
789602
774918
994004
673136
731074
721262
407271
557085
750602
511638
792004
574476
455513
96553
983157
62930
67146
759861
704643
663108
172850
70004
652294
592392
744371
406914
556219
560244
740438
20408
342094
41288
514176
881417
284507
188290
84888
436867
96059
163680
238946
614727
941805
143392
653977
757866
554741
820799
651984
474377
149569
548575
300287
673395
301339
972187
819940
162394
734056
742659
685702
946242
712837
438956
233367
596103
968722
925977
127648
549610
522884
694300
315463
605219
933608
340463
670947
789580
89136
332011
992152
165599
400776
510339
365952
120156
10918
990390
861967
453453
588257
808552
703694
920139
766768
678860
971204
453772
743381
399772
42221
606157
986084
430329
395113
758129
569595
622475
28935
48812
779920
546756
331068
997587
168311
611461
460726
727404
928565
529918
666343
288096
556415
698031
96823
479635
350722
47507
272840
699413
284061
151191
738272
336989
766378
126750
997673
623893
15898
226839
647670
253432
473083
997604
939362
360007
490992
551930
593713
470731
930852
60160
944674
893345
655126
885279
